Caso 23

Quantidade de vertices: 63
Quantidade de arestas: 245
Fonte: 0
Sumidouro: 62

Lista de Adjacencia:
  0: [(1, 2947), (2, 19388), (8, 18341), (42, 3895), (57, 18297)]
  1: [(0, 6807), (2, 18658), (4, 3755), (41, 5527), (61, 13062)]
  2: [(3, 4622), (19, 3663), (58, 15905)]
  3: [(5, 18974), (14, 6051), (16, 4651), (21, 16481)]
  4: [(2, 14756), (13, 8018), (42, 1001), (59, 13047)]
  5: [(7, 17192), (12, 10578), (24, 5567), (38, 14901), (40, 12454)]
  6: [(52, 13080), (58, 1721)]
  7: [(1, 3237), (8, 9265), (12, 19936), (18, 8336)]
  8: [(6, 7825), (10, 11580)]
  9: [(32, 17796), (36, 16106), (42, 4831), (48, 13700), (51, 9605)]
  10: [(12, 2235), (26, 16888), (40, 11785), (49, 15430), (58, 10244)]
  11: [(10, 14369), (44, 19599)]
  12: [(13, 5567), (44, 12973), (56, 3105)]
  13: [(11, 18608), (17, 14724), (29, 18168), (58, 8730)]
  14: [(1, 1098), (22, 17972), (59, 16662)]
  15: [(25, 17193), (38, 7737), (45, 10337), (55, 5540)]
  16: [(13, 19149), (21, 5279), (26, 11658), (33, 12586)]
  17: [(8, 4474), (10, 10220), (21, 17911), (22, 8692), (59, 4609)]
  18: [(16, 13159), (35, 19011)]
  19: [(0, 1781), (2, 14197), (3, 1560), (5, 2924), (14, 1339)]
  20: [(9, 8648), (39, 14110)]
  21: [(20, 10510), (24, 2637)]
  22: [(14, 11216), (17, 13828), (42, 1482)]
  23: [(39, 8109), (55, 18611)]
  24: [(6, 2238), (25, 10971), (30, 19675), (44, 9434), (50, 2553), (52, 7342), (53, 6564), (56, 17641)]
  25: [(8, 3553), (17, 15977), (26, 7515), (52, 8538), (53, 10983)]
  26: [(16, 19168), (27, 9368)]
  27: [(5, 8176), (7, 8040), (21, 19719), (28, 13229)]
  28: [(13, 8740), (29, 12852), (50, 3666)]
  29: [(14, 1790), (20, 4771), (30, 9461), (49, 10123)]
  30: [(8, 3841), (27, 3542), (31, 2618), (36, 8961), (57, 19310), (59, 7207)]
  31: [(32, 2190)]
  32: [(5, 16061), (18, 18175), (30, 15117), (34, 13633)]
  33: [(7, 16859), (18, 3074), (25, 13384), (31, 2487), (42, 9660), (47, 16677)]
  34: [(19, 14751), (32, 17598), (35, 17786), (53, 1164)]
  35: [(27, 7390), (37, 16757), (52, 4752)]
  36: [(26, 3388), (47, 16210), (49, 5596), (51, 10290)]
  37: [(5, 13631), (17, 4476), (38, 16286), (42, 4335), (55, 18957)]
  38: [(31, 12244), (39, 16163), (58, 9113)]
  39: [(25, 2628), (40, 10590), (43, 3469), (51, 10067)]
  40: [(5, 10747), (21, 15183), (29, 8594), (41, 19620), (49, 19589), (56, 16543), (58, 6813)]
  41: [(22, 14328), (36, 5599), (42, 5834), (43, 19902), (47, 5973)]
  42: [(6, 2803), (29, 4580), (33, 4051), (43, 13491), (58, 3182)]
  43: [(42, 9071), (46, 10831), (54, 8445), (62, 15180)]
  44: [(17, 18107), (26, 1566), (57, 6800)]
  45: [(14, 12214), (30, 2128), (56, 7906)]
  46: [(11, 12881), (19, 4921), (29, 4648), (36, 15600), (42, 15171), (45, 19857), (47, 15535), (54, 12936), (56, 2067), (60, 12376)]
  47: [(29, 9156), (46, 6910), (49, 8402), (56, 3365)]
  48: [(3, 2272), (51, 2903)]
  49: [(41, 6826), (51, 18913)]
  50: [(42, 2896), (59, 8418)]
  51: [(12, 11224), (25, 16996), (36, 5097), (42, 13624), (52, 16533), (61, 7992)]
  52: [(53, 14225)]
  53: [(3, 1046), (4, 8117), (29, 17103), (51, 8120), (55, 14689), (59, 17974), (60, 10712)]
  54: [(7, 11747), (60, 1803)]
  55: [(25, 6498), (27, 4460), (40, 6914), (44, 19592), (56, 13780), (58, 19920)]
  56: [(1, 1702), (21, 8095), (28, 13830), (34, 19832)]
  57: [(10, 19442), (58, 10719)]
  58: [(3, 3476), (6, 4541), (14, 7664), (45, 6083), (54, 15416), (60, 4224)]
  59: [(32, 14414), (51, 15103)]
  60: [(9, 14634), (10, 1642), (61, 7528)]
  61: [(3, 9445), (15, 12345), (42, 1392), (62, 11786)]
  62: [(33, 7514), (41, 19731), (54, 17385), (60, 6283)]

Lista de Adjacencia com arestas reversas:
  0: [(1, 2947), (2, 19388), (8, 18341), (42, 3895), (57, 18297), (1, 0), (19, 0)]
  1: [(0, 0), (0, 6807), (2, 18658), (4, 3755), (41, 5527), (61, 13062), (7, 0), (14, 0), (56, 0)]
  2: [(0, 0), (1, 0), (3, 4622), (19, 3663), (58, 15905), (4, 0), (19, 0)]
  3: [(2, 0), (5, 18974), (14, 6051), (16, 4651), (21, 16481), (19, 0), (48, 0), (53, 0), (58, 0), (61, 0)]
  4: [(1, 0), (2, 14756), (13, 8018), (42, 1001), (59, 13047), (53, 0)]
  5: [(3, 0), (7, 17192), (12, 10578), (24, 5567), (38, 14901), (40, 12454), (19, 0), (27, 0), (32, 0), (37, 0), (40, 0)]
  6: [(52, 13080), (58, 1721), (8, 0), (24, 0), (42, 0), (58, 0)]
  7: [(5, 0), (1, 3237), (8, 9265), (12, 19936), (18, 8336), (27, 0), (33, 0), (54, 0)]
  8: [(0, 0), (7, 0), (6, 7825), (10, 11580), (17, 0), (25, 0), (30, 0)]
  9: [(32, 17796), (36, 16106), (42, 4831), (48, 13700), (51, 9605), (20, 0), (60, 0)]
  10: [(8, 0), (12, 2235), (26, 16888), (40, 11785), (49, 15430), (58, 10244), (11, 0), (17, 0), (57, 0), (60, 0)]
  11: [(10, 14369), (44, 19599), (13, 0), (46, 0)]
  12: [(5, 0), (7, 0), (10, 0), (13, 5567), (44, 12973), (56, 3105), (51, 0)]
  13: [(4, 0), (12, 0), (11, 18608), (17, 14724), (29, 18168), (58, 8730), (16, 0), (28, 0)]
  14: [(3, 0), (1, 1098), (22, 17972), (59, 16662), (19, 0), (22, 0), (29, 0), (45, 0), (58, 0)]
  15: [(25, 17193), (38, 7737), (45, 10337), (55, 5540), (61, 0)]
  16: [(3, 0), (13, 19149), (21, 5279), (26, 11658), (33, 12586), (18, 0), (26, 0)]
  17: [(13, 0), (8, 4474), (10, 10220), (21, 17911), (22, 8692), (59, 4609), (22, 0), (25, 0), (37, 0), (44, 0)]
  18: [(7, 0), (16, 13159), (35, 19011), (32, 0), (33, 0)]
  19: [(2, 0), (0, 1781), (2, 14197), (3, 1560), (5, 2924), (14, 1339), (34, 0), (46, 0)]
  20: [(9, 8648), (39, 14110), (21, 0), (29, 0)]
  21: [(3, 0), (16, 0), (17, 0), (20, 10510), (24, 2637), (27, 0), (40, 0), (56, 0)]
  22: [(14, 0), (17, 0), (14, 11216), (17, 13828), (42, 1482), (41, 0)]
  23: [(39, 8109), (55, 18611)]
  24: [(5, 0), (21, 0), (6, 2238), (25, 10971), (30, 19675), (44, 9434), (50, 2553), (52, 7342), (53, 6564), (56, 17641)]
  25: [(15, 0), (24, 0), (8, 3553), (17, 15977), (26, 7515), (52, 8538), (53, 10983), (33, 0), (39, 0), (51, 0), (55, 0)]
  26: [(10, 0), (16, 0), (25, 0), (16, 19168), (27, 9368), (36, 0), (44, 0)]
  27: [(26, 0), (5, 8176), (7, 8040), (21, 19719), (28, 13229), (30, 0), (35, 0), (55, 0)]
  28: [(27, 0), (13, 8740), (29, 12852), (50, 3666), (56, 0)]
  29: [(13, 0), (28, 0), (14, 1790), (20, 4771), (30, 9461), (49, 10123), (40, 0), (42, 0), (46, 0), (47, 0), (53, 0)]
  30: [(24, 0), (29, 0), (8, 3841), (27, 3542), (31, 2618), (36, 8961), (57, 19310), (59, 7207), (32, 0), (45, 0)]
  31: [(30, 0), (32, 2190), (33, 0), (38, 0)]
  32: [(9, 0), (31, 0), (5, 16061), (18, 18175), (30, 15117), (34, 13633), (34, 0), (59, 0)]
  33: [(16, 0), (7, 16859), (18, 3074), (25, 13384), (31, 2487), (42, 9660), (47, 16677), (42, 0), (62, 0)]
  34: [(32, 0), (19, 14751), (32, 17598), (35, 17786), (53, 1164), (56, 0)]
  35: [(18, 0), (34, 0), (27, 7390), (37, 16757), (52, 4752)]
  36: [(9, 0), (30, 0), (26, 3388), (47, 16210), (49, 5596), (51, 10290), (41, 0), (46, 0), (51, 0)]
  37: [(35, 0), (5, 13631), (17, 4476), (38, 16286), (42, 4335), (55, 18957)]
  38: [(5, 0), (15, 0), (37, 0), (31, 12244), (39, 16163), (58, 9113)]
  39: [(20, 0), (23, 0), (38, 0), (25, 2628), (40, 10590), (43, 3469), (51, 10067)]
  40: [(5, 0), (10, 0), (39, 0), (5, 10747), (21, 15183), (29, 8594), (41, 19620), (49, 19589), (56, 16543), (58, 6813), (55, 0)]
  41: [(1, 0), (40, 0), (22, 14328), (36, 5599), (42, 5834), (43, 19902), (47, 5973), (49, 0), (62, 0)]
  42: [(0, 0), (4, 0), (9, 0), (22, 0), (33, 0), (37, 0), (41, 0), (6, 2803), (29, 4580), (33, 4051), (43, 13491), (58, 3182), (43, 0), (46, 0), (50, 0), (51, 0), (61, 0)]
  43: [(39, 0), (41, 0), (42, 0), (42, 9071), (46, 10831), (54, 8445), (62, 15180)]
  44: [(11, 0), (12, 0), (24, 0), (17, 18107), (26, 1566), (57, 6800), (55, 0)]
  45: [(15, 0), (14, 12214), (30, 2128), (56, 7906), (46, 0), (58, 0)]
  46: [(43, 0), (11, 12881), (19, 4921), (29, 4648), (36, 15600), (42, 15171), (45, 19857), (47, 15535), (54, 12936), (56, 2067), (60, 12376), (47, 0)]
  47: [(33, 0), (36, 0), (41, 0), (46, 0), (29, 9156), (46, 6910), (49, 8402), (56, 3365)]
  48: [(9, 0), (3, 2272), (51, 2903)]
  49: [(10, 0), (29, 0), (36, 0), (40, 0), (47, 0), (41, 6826), (51, 18913)]
  50: [(24, 0), (28, 0), (42, 2896), (59, 8418)]
  51: [(9, 0), (36, 0), (39, 0), (48, 0), (49, 0), (12, 11224), (25, 16996), (36, 5097), (42, 13624), (52, 16533), (61, 7992), (53, 0), (59, 0)]
  52: [(6, 0), (24, 0), (25, 0), (35, 0), (51, 0), (53, 14225)]
  53: [(24, 0), (25, 0), (34, 0), (52, 0), (3, 1046), (4, 8117), (29, 17103), (51, 8120), (55, 14689), (59, 17974), (60, 10712)]
  54: [(43, 0), (46, 0), (7, 11747), (60, 1803), (58, 0), (62, 0)]
  55: [(15, 0), (23, 0), (37, 0), (53, 0), (25, 6498), (27, 4460), (40, 6914), (44, 19592), (56, 13780), (58, 19920)]
  56: [(12, 0), (24, 0), (40, 0), (45, 0), (46, 0), (47, 0), (55, 0), (1, 1702), (21, 8095), (28, 13830), (34, 19832)]
  57: [(0, 0), (30, 0), (44, 0), (10, 19442), (58, 10719)]
  58: [(2, 0), (6, 0), (10, 0), (13, 0), (38, 0), (40, 0), (42, 0), (55, 0), (57, 0), (3, 3476), (6, 4541), (14, 7664), (45, 6083), (54, 15416), (60, 4224)]
  59: [(4, 0), (14, 0), (17, 0), (30, 0), (50, 0), (53, 0), (32, 14414), (51, 15103)]
  60: [(46, 0), (53, 0), (54, 0), (58, 0), (9, 14634), (10, 1642), (61, 7528), (62, 0)]
  61: [(1, 0), (51, 0), (60, 0), (3, 9445), (15, 12345), (42, 1392), (62, 11786)]
  62: [(43, 0), (61, 0), (33, 7514), (41, 19731), (54, 17385), (60, 6283)]

Matriz de Capacidades Residuais inicial:
  0 4449 11661   0   0   0   0   0 8412   0   0   0   0   0   0   0   0   0   0 596   0   0   0   0   0   0   0   0   0   0   0   0   0   0   0   0   0   0   0   0   0   0 2958   0   0   0   0   0   0   0   0   0   0   0   0   0   0 12210   0   0   0   0   0
2358   0 4458   0 1084   0   0 1744   0   0   0   0   0   0 396   0   0   0   0   0   0   0   0   0   0   0   0   0   0   0   0   0   0   0   0   0   0   0   0   0   0 857   0   0   0   0   0   0   0   0   0   0   0   0   0   0 992   0   0   0   0 9474   0
7727 14200   0 3574 7350   0   0   0   0   0   0   0   0   0   0   0   0   0   0 3798   0   0   0   0   0   0   0   0   0   0   0   0   0   0   0   0   0   0   0   0   0   0   0   0   0   0   0   0   0   0   0   0   0   0   0   0   0   0 11278   0   0   0   0
  0   0 1048   0   0 4067   0   0   0   0   0   0   0   0 2617   0 2224   0   0 373   0 6093   0   0   0   0   0   0   0   0   0   0   0   0   0   0   0   0   0   0   0   0   0   0   0   0   0   0 1460   0   0   0   0 677   0   0   0   0 1879   0   0 6536   0
  0 2671 7406   0   0   0   0   0   0   0   0   0   0 3553   0   0   0   0   0   0   0   0   0   0   0   0   0   0   0   0   0   0   0   0   0   0   0   0   0   0   0   0 170   0   0   0   0   0   0   0   0   0   0 4702   0   0   0   0   0 8891   0   0   0
  0   0   0 14907   0   0   0 13000   0   0   0   0 2676   0   0   0   0   0   0 1527   0   0   0   0 2776   0   0 4704   0   0   0   0 8514   0   0   0   0 11293 11270   0 5509   0   0   0   0   0   0   0   0   0   0   0   0   0   0   0   0   0   0   0   0   0   0
  0   0   0   0   0   0   0   0 2281   0   0   0   0   0   0   0   0   0   0   0   0   0   0   0 1052   0   0   0   0   0   0   0   0   0   0   0   0   0   0   0   0   0 799   0   0   0   0   0   0   0   0   0 7089   0   0   0   0   0 2237   0   0   0   0
  0 1493   0   0   0 4192   0   0 2823   0   0   0 13280   0   0   0   0   0 4989   0   0   0   0   0   0   0   0 6078   0   0   0   0   0 5955   0   0   0   0   0   0   0   0   0   0   0   0   0   0   0   0   0   0   0   0 7750   0   0   0   0   0   0   0   0
9929   0   0   0   0   0 5544 6442   0   0 2423   0   0   0   0   0   0 2664   0   0   0   0   0   0   0 2677   0   0   0   0 2429   0   0   0   0   0   0   0   0   0   0   0   0   0   0   0   0   0   0   0   0   0   0   0   0   0   0   0   0   0   0   0   0
  0   0   0   0   0   0   0   0   0   0   0   0   0   0   0   0   0   0   0   0 6161   0   0   0   0   0   0   0   0   0   0   0 4662   0   0   0 5376   0   0   0   0   0 3262   0   0   0   0   0 8099   0   0 4334   0   0   0   0   0   0   0   0 8915   0   0
  0   0   0   0   0   0   0   0 9157   0   0 12181 1213   0   0   0   0 3842   0   0   0   0   0   0   0   0 7886   0   0   0   0   0   0   0   0   0   0   0   0   0 8459   0   0   0   0   0   0   0   0 5717   0   0   0   0   0   0   0 10382 7686   0 541   0   0
  0   0   0   0   0   0   0   0   0   0 2188   0   0 6713   0   0   0   0   0   0   0   0   0   0   0   0   0   0   0   0   0   0   0   0   0   0   0   0   0   0   0   0   0   0 12752   0 10102   0   0   0   0   0   0   0   0   0   0   0   0   0   0   0   0
  0   0   0   0   0 7902   0 6656   0   0 1022   0   0 3602   0   0   0   0   0   0   0   0   0   0   0   0   0   0   0   0   0   0   0   0   0   0   0   0   0   0   0   0   0   0 9906   0   0   0   0   0   0 9469   0   0   0   0 1929   0   0   0   0   0   0
  0   0   0   0 4465   0   0   0   0   0   0 11895 1965   0   0   0 4578 9509   0   0   0   0   0   0   0   0   0   0 6248 3241   0   0   0   0   0   0   0   0   0   0   0   0   0   0   0   0   0   0   0   0   0   0   0   0   0   0   0   0 6452   0   0   0   0
  0 702   0 3434   0   0   0   0   0   0   0   0   0   0   0   0   0   0   0 280   0   0 6426   0   0   0   0   0   0 1079   0   0   0   0   0   0   0   0   0   0   0   0   0   0   0 9527   0   0   0   0   0   0   0   0   0   0   0   0 2104 10460   0   0   0
  0   0   0   0   0   0   0   0   0   0   0   0   0   0   0   0   0   0   0   0   0   0   0   0   0 10606   0   0   0   0   0   0   0   0   0   0   0   0 1249   0   0   0   0   0   0 5237   0   0   0   0   0   0   0   0   0 3663   0   0   0   0   0 6198   0
  0   0   0 2427   0   0   0   0   0   0   0   0   0 14571   0   0   0   0 10952   0   0 944   0   0   0   0 5847   0   0   0   0   0   0 6631   0   0   0   0   0   0   0   0   0   0   0   0   0   0   0   0   0   0   0   0   0   0   0   0   0   0   0   0   0
  0   0   0   0   0   0   0   0 1810   0 6378   0   0 5215   0   0   0   0   0   0   0 8839 5966   0   0 5580   0   0   0   0   0   0   0   0   0   0   0 2572   0   0   0   0   0   0 11950   0   0   0   0   0   0   0   0   0   0   0   0   0   0 2096   0   0   0
  0   0   0   0   0   0   0 3347   0   0   0   0   0   0   0   0 2207   0   0   0   0   0   0   0   0   0   0   0   0   0   0   0 4883 1650   0 13195   0   0   0   0   0   0   0   0   0   0   0   0   0   0   0   0   0   0   0   0   0   0   0   0   0   0   0
1185   0 10399 1187   0 1397   0   0   0   0   0   0   0   0 1059   0   0   0   0   0   0   0   0   0   0   0   0   0   0   0   0   0   0   0 3653   0   0   0   0   0   0   0   0   0   0   0 3679   0   0   0   0   0   0   0   0   0   0   0   0   0   0   0   0
  0   0   0   0   0   0   0   0   0 2487   0   0   0   0   0   0   0   0   0   0   0 5420   0   0   0   0   0   0   0 2856   0   0   0   0   0   0   0   0   0 8761   0   0   0   0   0   0   0   0   0   0   0   0   0   0   0   0   0   0   0   0   0   0   0
  0   0   0 10388   0   0   0   0   0   0   0   0   0   0   0   0 4335 9072   0   0 5090   0   0   0 541   0   0 11472   0   0   0   0   0   0   0   0   0   0   0   0 8631   0   0   0   0   0   0   0   0   0   0   0   0   0   0   0 2457   0   0   0   0   0   0
  0   0   0   0   0   0   0   0   0   0   0   0   0   0 4790   0   0 7862   0   0   0   0   0   0   0   0   0   0   0   0   0   0   0   0   0   0   0   0   0   0   0 10488 867   0   0   0   0   0   0   0   0   0   0   0   0   0   0   0   0   0   0   0   0
  0   0   0   0   0   0   0   0   0   0   0   0   0   0   0   0   0   0   0   0   0   0   0   0   0   0   0   0   0   0   0   0   0   0   0   0   0   0   0 6420   0   0   0   0   0   0   0   0   0   0   0   0   0   0   0 7888   0   0   0   0   0   0   0
  0   0   0   0   0 2791 1186   0   0   0   0   0   0   0   0   0   0   0   0   0   0 2096   0   0   0 4896   0   0   0   0 3687   0   0   0   0   0   0   0   0   0   0   0   0   0 6696   0   0   0   0   0 1363   0 1239 2397   0   0 11701   0   0   0   0   0   0
  0   0   0   0   0   0   0   0 876   0   0   0   0   0   0 6587   0 10397   0   0   0   0   0   0 6075   0 3792   0   0   0   0   0   0 5912   0   0   0   0   0 994   0   0   0   0   0   0   0   0   0   0   0 7229 2011 4349   0 5168   0   0   0   0   0   0   0
  0   0   0   0   0   0   0   0   0   0 9002   0   0   0   0   0 13321   0   0   0   0   0   0   0   0 3723   0 2315   0   0   0   0   0   0   0   0 887   0   0   0   0   0   0   0 831   0   0   0   0   0   0   0   0   0   0   0   0   0   0   0   0   0   0
  0   0   0   0   0 3472   0 1962   0   0   0   0   0   0   0   0   0   0   0   0   0 8247   0   0   0   0 7053   0 3924   0 2650   0   0   0   0 5953   0   0   0   0   0   0   0   0   0   0   0   0   0   0   0   0   0   0   0 917   0   0   0   0   0   0   0
  0   0   0   0   0   0   0   0   0   0   0   0   0 2492   0   0   0   0   0   0   0   0   0   0   0   0   0 9305   0 9016   0   0   0   0   0   0   0   0   0   0   0   0   0   0   0   0   0   0   0   0 1010   0   0   0   0   0 6526   0   0   0   0   0   0
  0   0   0   0   0   0   0   0   0   0   0   0   0 14927 711   0   0   0   0   0 1915   0   0   0   0   0   0   0 3836   0 1966   0   0   0   0   0   0   0   0   0 4354   0 3504   0   0   0 2184 2690   0 3418   0   0   0 7163   0   0   0   0   0   0   0   0   0
  0   0   0   0   0   0   0   0 1412   0   0   0   0   0   0   0   0   0   0   0   0   0   0   0 15988   0   0 892   0 7495   0 397 5223   0   0   0 2595   0   0   0   0   0   0   0   0 1451   0   0   0   0   0   0   0   0   0   0   0 12252   0 5139   0   0   0
  0   0   0   0   0   0   0   0   0   0   0   0   0   0   0   0   0   0   0   0   0   0   0   0   0   0   0   0   0   0 2221   0 1536 718   0   0   0   0 6467   0   0   0   0   0   0   0   0   0   0   0   0   0   0   0   0   0   0   0   0   0   0   0   0
  0   0   0   0   0 7547   0   0   0 13134   0   0   0   0   0   0   0   0 13292   0   0   0   0   0   0   0   0   0   0   0 9894 654   0   0 9261   0   0   0   0   0   0   0   0   0   0   0   0   0   0   0   0   0   0   0   0   0   0   0   0 4874   0   0   0
  0   0   0   0   0   0   0 10904   0   0   0   0   0   0   0   0 5955   0 1424   0   0   0   0   0   0 7472   0   0   0   0   0 1769   0   0   0   0   0   0   0   0   0   0 2513   0   0   0   0 5277   0   0   0   0   0   0   0   0   0   0   0   0   0   0 4055
  0   0   0   0   0   0   0   0   0   0   0   0   0   0   0   0   0   0   0 11098   0   0   0   0   0   0   0   0   0   0   0   0 8337   0   0 4934   0   0   0   0   0   0   0   0   0   0   0   0   0   0   0   0   0 516   0   0 9998   0   0   0   0   0   0
  0   0   0   0   0   0   0   0   0   0   0   0   0   0   0   0   0   0 5816   0   0   0   0   0   0   0   0 1437   0   0   0   0   0   0 12852   0   0 10144   0   0   0   0   0   0   0   0   0   0   0   0   0   0 3187   0   0   0   0   0   0   0   0   0   0
  0   0   0   0   0   0   0   0   0 10730   0   0   0   0   0   0   0   0   0   0   0   0   0   0   0   0 2501   0   0   0 6366   0   0   0   0   0   0   0   0   0   0 1701   0   0   0   0 12984 8707   0 2037   0 3248   0   0   0   0   0   0   0   0   0   0   0
  0   0   0   0   0 2338   0   0   0   0   0   0   0   0   0   0   0 1904   0   0   0   0   0   0   0   0   0   0   0   0   0   0   0   0   0 6613   0   0 8095   0   0   0 1854   0   0   0   0   0   0   0   0   0   0   0   0 15086   0   0   0   0   0   0   0
  0   0   0   0   0 3631   0   0   0   0   0   0   0   0   0 6488   0   0   0   0   0   0   0   0   0   0   0   0   0   0   0 5777   0   0   0   0   0 8191   0 9580   0   0   0   0   0   0   0   0   0   0   0   0   0   0   0   0   0   0 6754   0   0   0   0
  0   0   0   0   0   0   0   0   0   0   0   0   0   0   0   0   0   0   0   0 5349   0   0 1689   0 1634   0   0   0   0   0   0   0   0   0   0   0   0 6583   0 4589   0   0 1508   0   0   0   0   0   0   0 6125   0   0   0   0   0   0   0   0   0   0   0
  0   0   0   0   0 5238   0   0   0   0 3326   0   0   0   0   0   0   0   0   0   0 6552   0   0   0   0   0   0   0 4240   0   0   0   0   0   0   0   0   0 6001   0 14427   0   0   0   0   0   0   0 5066   0   0   0   0   0 4968 8644   0 1246   0   0   0   0
  0 4670   0   0   0   0   0   0   0   0   0   0   0   0   0   0   0   0   0   0   0   0 3840   0   0   0   0   0   0   0   0   0   0   0   0   0 3898   0   0   0 5193   0 4574 14331   0   0   0 2043   0 3792   0   0   0   0   0   0   0   0   0   0   0   0 8976
937   0   0   0 831   0 2004   0   0 1569   0   0   0   0   0   0   0   0   0   0   0   0 615   0   0   0   0   0   0 1076   0   0   0 1538   0   0   0 2481   0   0   0 1260   0 2604   0   0 12117   0   0   0 1787 9312   0   0   0   0   0   0 2129   0   0 792   0
  0   0   0   0   0   0   0   0   0   0   0   0   0   0   0   0   0   0   0   0   0   0   0   0   0   0   0   0   0   0   0   0   0   0   0   0   0   0   0 1961   0 5571 6467   0   0   0 4127   0   0   0   0   0   0   0 3330   0   0   0   0   0   0   0 9727
  0   0   0   0   0   0   0   0   0   0   0 6847 3067   0   0   0   0 6157   0   0   0   0   0   0 2738   0 735   0   0   0   0   0   0   0   0   0   0   0   0   0   0   0   0   0   0   0   0   0   0   0   0   0   0   0   0 14969   0 2755   0   0   0   0   0
  0   0   0   0   0   0   0   0   0   0   0   0   0   0 2687 5100   0   0   0   0   0   0   0   0   0   0   0   0   0   0 677   0   0   0   0   0   0   0   0   0   0   0   0   0   0   0 10800   0   0   0   0   0   0   0   0   0 1220   0 4903   0   0   0   0
  0   0   0   0   0   0   0   0   0   0   0 2779   0   0   0   0   0   0   0 1242   0   0   0   0   0   0   0   0   0 2464   0   0   0   0   0   0 2616   0   0   0   0   0 3054 6704   0 9057   0 5346   0   0   0   0   0   0 4265   0 320   0   0   0 9854   0   0
  0   0   0   0   0   0   0   0   0   0   0   0   0   0   0   0   0   0   0   0   0   0   0   0   0   0   0   0   0 6466   0   0   0 11400   0   0 7503   0   0   0   0 3930   0   0   0   0 1564   0   0 5552   0   0   0   0   0   0 2561   0   0   0   0   0   0
  0   0   0 812   0   0   0   0   0 5601   0   0   0   0   0   0   0   0   0   0   0   0   0   0   0   0   0   0   0   0   0   0   0   0   0   0   0   0   0   0   0   0   0   0   0   0   0   0   0   0   0 1536   0   0   0   0   0   0   0   0   0   0   0
  0   0   0   0   0   0   0   0   0   0 9713   0   0   0   0   0   0   0   0   0   0   0   0   0   0   0   0   0   0 6705   0   0   0   0   0   0 3559   0   0   0 14523 3034   0   0   0   0   0 2850   0   0   0 10242   0   0   0   0   0   0   0   0   0   0   0
  0   0   0   0   0   0   0   0   0   0   0   0   0   0   0   0   0   0   0   0   0   0   0   0 1190   0   0   0 2656   0   0   0   0   0   0   0   0   0   0   0   0   0 1109   0   0   0   0   0   0   0   0   0   0   0   0   0   0   0   0 5955   0   0   0
  0   0   0   0   0   0   0   0   0 5271   0   0 1755   0   0   0   0   0   0   0   0   0   0   0   0 9767   0   0   0   0   0   0   0   0   0   0 1849   0   0 3942   0   0 4312   0   0   0   0   0 1367 8671   0   0 8785 2003   0   0   0   0   0 6349   0 6279   0
  0   0   0   0   0   0 5991   0   0   0   0   0   0   0   0   0   0   0   0   0   0   0   0   0 6103 6527   0   0   0   0   0   0   0   0   0 1565   0   0   0   0   0   0   0   0   0   0   0   0   0   0   0 7748   0 5899   0   0   0   0   0   0   0   0   0
  0   0   0 369 3415   0   0   0   0   0   0   0   0   0   0   0   0   0   0   0   0   0   0   0 4167 6634   0   0   0 9940   0   0   0   0 648   0   0   0   0   0   0   0   0   0   0   0   0   0   0   0   0 6117 8326   0   0 5839   0   0   0 4088 7267   0   0
  0   0   0   0   0   0   0 3997   0   0   0   0   0   0   0   0   0   0   0   0   0   0   0   0   0   0   0   0   0   0   0   0   0   0   0   0   0   0   0   0   0   0   0 5115   0   0 8671   0   0   0   0   0   0   0   0   0   0   0 10894   0 534   0 13957
  0   0   0   0   0   0   0   0   0   0   0   0   0   0   0 1877   0   0   0   0   0   0   0 10723   0 1330   0 3543   0   0   0   0   0   0   0   0   0 3871   0   0 1946   0   0   0 4623   0   0   0   0   0   0   0   0 8850   0   0 10978   0 7246   0   0   0   0
  0 710   0   0   0   0   0   0   0   0   0   0 1176   0   0   0   0   0   0   0   0 5638   0   0 5940   0   0   0 7304   0   0   0   0   0 9834   0   0   0   0   0 7899   0   0   0   0 6686 1747 804   0   0   0   0   0   0   0 2802   0   0   0   0   0   0   0
6087   0   0   0   0   0   0   0   0   0 9060   0   0   0   0   0   0   0   0   0   0   0   0   0   0   0   0   0   0   0 7058   0   0   0   0   0   0   0   0   0   0   0   0   0 4045   0   0   0   0   0   0   0   0   0   0   0   0   0 7372   0   0   0   0
  0   0 4627 1597   0   0 2304   0   0   0 2558   0   0 2278 5560   0   0   0   0   0   0   0   0   0   0   0   0   0   0   0   0   0   0   0   0   0   0   0 2359   0 5567   0 1053   0   0 1180   0   0   0   0   0   0   0   0 4522 12674   0 3347   0   0 2264   0   0
  0   0   0   0 4156   0   0   0   0   0   0   0   0   0 6202   0   0 2513   0   0   0   0   0   0   0   0   0   0   0   0 2068   0 9540   0   0   0   0   0   0   0   0   0   0   0   0   0   0   0   0   0 2463 8754   0 13886   0   0   0   0   0   0   0   0   0
  0   0   0   0   0   0   0   0   0 5719 1101   0   0   0   0   0   0   0   0   0   0   0   0   0   0   0   0   0   0   0   0   0   0   0   0   0   0   0   0   0   0   0   0   0   0   0 2522   0   0   0   0   0   0 3445 1269   0   0   0 1960   0   0 4910 4557
  0 3588   0 2909   0   0   0   0   0   0   0   0   0   0   0 6147   0   0   0   0   0   0   0   0   0   0   0   0   0   0   0   0   0   0   0   0   0   0   0   0   0   0 600   0   0   0   0   0   0   0   0 1713   0   0   0   0   0   0   0   0 2618   0 4139
  0   0   0   0   0   0   0   0   0   0   0   0   0   0   0   0   0   0   0   0   0   0   0   0   0   0   0   0   0   0   0   0   0 3459   0   0   0   0   0   0   0 10755   0 5453   0   0   0   0   0   0   0   0   0   0 3428   0   0   0   0   0 1726 7647   0

Matriz de Capacidades Residuais final:
  0   0   0   0   0   0   0   0   0   0   0   0   0   0   0   0   0   0   0   0   0   0   0   0   0   0   0   0   0   0   0   0   0   0   0   0   0   0   0   0   0   0   0   0   0   0   0   0   0   0   0   0   0   0   0   0   0   0   0   0   0   0   0
6807   0 8501   0 1084   0   0   0   0   0   0   0   0   0 396   0   0   0   0   0   0   0   0   0   0   0   0   0   0   0   0   0   0   0   0   0   0   0   0   0   0   0   0   0   0   0   0   0   0   0   0   0   0   0   0   0 992   0   0   0   0 3583   0
19388 10157   0 3574 7350   0   0   0   0   0   0   0   0   0   0   0   0   0   0 2966   0   0   0   0   0   0   0   0   0   0   0   0   0   0   0   0   0   0   0   0   0   0   0   0   0   0   0   0   0   0   0   0   0   0   0   0   0   0 4492   0   0   0   0
  0   0 1048   0   0 4067   0   0   0   0   0   0   0   0 2617   0 2224   0   0 373   0 6093   0   0   0   0   0   0   0   0   0   0   0   0   0   0   0   0   0   0   0   0   0   0   0   0   0   0 1460   0   0   0   0 677   0   0   0   0 1879   0   0 6536   0
  0 2671 7406   0   0   0   0   0   0   0   0   0   0 3553   0   0   0   0   0   0   0   0   0   0   0   0   0   0   0   0   0   0   0   0   0   0   0   0   0   0   0   0 170   0   0   0   0   0   0   0   0   0   0 4702   0   0   0   0   0 8891   0   0   0
  0   0   0 14907   0   0   0 13000   0   0   0   0 2676   0   0   0   0   0   0 1527   0   0   0   0 2776   0   0 4704   0   0   0   0 8514   0   0   0   0 11293 11270   0 5509   0   0   0   0   0   0   0   0   0   0   0   0   0   0   0   0   0   0   0   0   0   0
  0   0   0   0   0   0   0   0 3080   0   0   0   0   0   0   0   0   0   0   0   0   0   0   0 1052   0   0   0   0   0   0   0   0   0   0   0   0   0   0   0   0   0   0   0   0   0   0   0   0   0   0   0 7089   0   0   0   0   0 2237   0   0   0   0
  0 3237   0   0   0 4192   0   0 9265   0   0   0 13280   0   0   0   0   0 4989   0   0   0   0   0   0   0   0 6970   0   0   0   0   0 3438   0   0   0   0   0   0   0   0   0   0   0   0   0   0   0   0   0   0   0   0 1189   0   0   0   0   0   0   0   0
18341   0   0   0   0   0 4745   0   0   0 1252   0   0   0   0   0   0 2664   0   0   0   0   0   0   0 2677   0   0   0   0 2429   0   0   0   0   0   0   0   0   0   0   0   0   0   0   0   0   0   0   0   0   0   0   0   0   0   0   0   0   0   0   0   0
  0   0   0   0   0   0   0   0   0   0   0   0   0   0   0   0   0   0   0   0 6161   0   0   0   0   0   0   0   0   0   0   0 4662   0   0   0 5376   0   0   0   0   0 3262   0   0   0   0   0 8099   0   0 4334   0   0   0   0   0   0   0   0 8915   0   0
  0   0   0   0   0   0   0   0 10328   0   0 12181 1213   0   0   0   0 3842   0   0   0   0   0   0   0   0 7886   0   0   0   0   0   0   0   0   0   0   0   0   0 3301   0   0   0   0   0   0   0   0 5717   0   0   0   0   0   0   0 14910 7686   0   0   0   0
  0   0   0   0   0   0   0   0   0   0 2188   0   0 6713   0   0   0   0   0   0   0   0   0   0   0   0   0   0   0   0   0   0   0   0   0   0   0   0   0   0   0   0   0   0 12752   0 10102   0   0   0   0   0   0   0   0   0   0   0   0   0   0   0   0
  0   0   0   0   0 7902   0 6656   0   0 1022   0   0 3602   0   0   0   0   0   0   0   0   0   0   0   0   0   0   0   0   0   0   0   0   0   0   0   0   0   0   0   0   0   0 9906   0   0   0   0   0   0 9469   0   0   0   0 1929   0   0   0   0   0   0
  0   0   0   0 4465   0   0   0   0   0   0 11895 1965   0   0   0 4578 9509   0   0   0   0   0   0   0   0   0   0 6248 3241   0   0   0   0   0   0   0   0   0   0   0   0   0   0   0   0   0   0   0   0   0   0   0   0   0   0   0   0 6452   0   0   0   0
  0 702   0 3434   0   0   0   0   0   0   0   0   0   0   0   0   0   0   0 280   0   0 6426   0   0   0   0   0   0 1079   0   0   0   0   0   0   0   0   0   0   0   0   0   0   0 9527   0   0   0   0   0   0   0   0   0   0   0   0 2104 10460   0   0   0
  0   0   0   0   0   0   0   0   0   0   0   0   0   0   0   0   0   0   0   0   0   0   0   0   0 10606   0   0   0   0   0   0   0   0   0   0   0   0 1249   0   0   0   0   0   0 5237   0   0   0   0   0   0   0   0   0 3663   0   0   0   0   0 6198   0
  0   0   0 2427   0   0   0   0   0   0   0   0   0 14571   0   0   0   0 10952   0   0 944   0   0   0   0 5847   0   0   0   0   0   0 6631   0   0   0   0   0   0   0   0   0   0   0   0   0   0   0   0   0   0   0   0   0   0   0   0   0   0   0   0   0
  0   0   0   0   0   0   0   0 1810   0 6378   0   0 5215   0   0   0   0   0   0   0 8839 5966   0   0 5580   0   0   0   0   0   0   0   0   0   0   0 2572   0   0   0   0   0   0 11950   0   0   0   0   0   0   0   0   0   0   0   0   0   0 2096   0   0   0
  0   0   0   0   0   0   0 3347   0   0   0   0   0   0   0   0 2207   0   0   0   0   0   0   0   0   0   0   0   0   0   0   0 4883 1650   0 13195   0   0   0   0   0   0   0   0   0   0   0   0   0   0   0   0   0   0   0   0   0   0   0   0   0   0   0
1781   0 11231 1187   0 1397   0   0   0   0   0   0   0   0 1059   0   0   0   0   0   0   0   0   0   0   0   0   0   0   0   0   0   0   0 3653   0   0   0   0   0   0   0   0   0   0   0 2251   0   0   0   0   0   0   0   0   0   0   0   0   0   0   0   0
  0   0   0   0   0   0   0   0   0 2487   0   0   0   0   0   0   0   0   0   0   0 5420   0   0   0   0   0   0   0 2856   0   0   0   0   0   0   0   0   0 8761   0   0   0   0   0   0   0   0   0   0   0   0   0   0   0   0   0   0   0   0   0   0   0
  0   0   0 10388   0   0   0   0   0   0   0   0   0   0   0   0 4335 9072   0   0 5090   0   0   0 541   0   0 11472   0   0   0   0   0   0   0   0   0   0   0   0 8631   0   0   0   0   0   0   0   0   0   0   0   0   0   0   0 2457   0   0   0   0   0   0
  0   0   0   0   0   0   0   0   0   0   0   0   0   0 4790   0   0 7862   0   0   0   0   0   0   0   0   0   0   0   0   0   0   0   0   0   0   0   0   0   0   0 10488 867   0   0   0   0   0   0   0   0   0   0   0   0   0   0   0   0   0   0   0   0
  0   0   0   0   0   0   0   0   0   0   0   0   0   0   0   0   0   0   0   0   0   0   0   0   0   0   0   0   0   0   0   0   0   0   0   0   0   0   0 6420   0   0   0   0   0   0   0   0   0   0   0   0   0   0   0 7888   0   0   0   0   0   0   0
  0   0   0   0   0 2791 1186   0   0   0   0   0   0   0   0   0   0   0   0   0   0 2096   0   0   0 4896   0   0   0   0 3687   0   0   0   0   0   0   0   0   0   0   0   0   0 6696   0   0   0   0   0 1363   0 1239 2397   0   0 11701   0   0   0   0   0   0
  0   0   0   0   0   0   0   0 876   0   0   0   0   0   0 6587   0 10397   0   0   0   0   0   0 6075   0 3792   0   0   0   0   0   0 5912   0   0   0   0   0 994   0   0   0   0   0   0   0   0   0   0   0 7229 2011 4349   0 5168   0   0   0   0   0   0   0
  0   0   0   0   0   0   0   0   0   0 9002   0   0   0   0   0 13321   0   0   0   0   0   0   0   0 3723   0 2315   0   0   0   0   0   0   0   0 887   0   0   0   0   0   0   0 831   0   0   0   0   0   0   0   0   0   0   0   0   0   0   0   0   0   0
  0   0   0   0   0 3472   0 1070   0   0   0   0   0   0   0   0   0   0   0   0   0 8247   0   0   0   0 7053   0 3924   0 3542   0   0   0   0 5953   0   0   0   0   0   0   0   0   0   0   0   0   0   0   0   0   0   0   0 917   0   0   0   0   0   0   0
  0   0   0   0   0   0   0   0   0   0   0   0   0 2492   0   0   0   0   0   0   0   0   0   0   0   0   0 9305   0 9016   0   0   0   0   0   0   0   0   0   0   0   0   0   0   0   0   0   0   0   0 1010   0   0   0   0   0 6526   0   0   0   0   0   0
  0   0   0   0   0   0   0   0   0   0   0   0   0 14927 711   0   0   0   0   0 1915   0   0   0   0   0   0   0 3836   0 4742   0   0   0   0   0   0   0   0   0 4354   0 2912   0   0   0   0 2690   0 3418   0   0   0 7163   0   0   0   0   0   0   0   0   0
  0   0   0   0   0   0   0   0 1412   0   0   0   0   0   0   0   0   0   0   0   0   0   0   0 15988   0   0   0   0 4719   0 397 5223   0   0   0   0   0   0   0   0   0   0   0   0 1085   0   0   0   0   0   0   0   0   0   0   0 18881   0 5139   0   0   0
  0   0   0   0   0   0   0   0   0   0   0   0   0   0   0   0   0   0   0   0   0   0   0   0   0   0   0   0   0   0 2221   0 1536 718   0   0   0   0 6467   0   0   0   0   0   0   0   0   0   0   0   0   0   0   0   0   0   0   0   0   0   0   0   0
  0   0   0   0   0 7547   0   0   0 13134   0   0   0   0   0   0   0   0 13292   0   0   0   0   0   0   0   0   0   0   0 9894 654   0   0 9261   0   0   0   0   0   0   0   0   0   0   0   0   0   0   0   0   0   0   0   0   0   0   0   0 4874   0   0   0
  0   0   0   0   0   0   0 13421   0   0   0   0   0   0   0   0 5955   0 1424   0   0   0   0   0   0 7472   0   0   0   0   0 1769   0   0   0   0   0   0   0   0   0   0 4051   0   0   0   0 5277   0   0   0   0   0   0   0   0   0   0   0   0   0   0   0
  0   0   0   0   0   0   0   0   0   0   0   0   0   0   0   0   0   0   0 11098   0   0   0   0   0   0   0   0   0   0   0   0 8337   0   0 4934   0   0   0   0   0   0   0   0   0   0   0   0   0   0   0   0   0 516   0   0 9998   0   0   0   0   0   0
  0   0   0   0   0   0   0   0   0   0   0   0   0   0   0   0   0   0 5816   0   0   0   0   0   0   0   0 1437   0   0   0   0   0   0 12852   0   0 10144   0   0   0   0   0   0   0   0   0   0   0   0   0   0 3187   0   0   0   0   0   0   0   0   0   0
  0   0   0   0   0   0   0   0   0 10730   0   0   0   0   0   0   0   0   0   0   0   0   0   0   0   0 2501   0   0   0 8961   0   0   0   0   0   0   0   0   0   0   0   0   0   0   0 12090 8707   0 2037   0 3248   0   0   0   0   0   0   0   0   0   0   0
  0   0   0   0   0 2338   0   0   0   0   0   0   0   0   0   0   0 1904   0   0   0   0   0   0   0   0   0   0   0   0   0   0   0   0   0 6613   0   0 8095   0   0   0 1854   0   0   0   0   0   0   0   0   0   0   0   0 15086   0   0   0   0   0   0   0
  0   0   0   0   0 3631   0   0   0   0   0   0   0   0   0 6488   0   0   0   0   0   0   0   0   0   0   0   0   0   0   0 5777   0   0   0   0   0 8191   0 9580   0   0   0   0   0   0   0   0   0   0   0   0   0   0   0   0   0   0 6754   0   0   0   0
  0   0   0   0   0   0   0   0   0   0   0   0   0   0   0   0   0   0   0   0 5349   0   0 1689   0 1634   0   0   0   0   0   0   0   0   0   0   0   0 6583   0 4589   0   0 1508   0   0   0   0   0   0   0 6125   0   0   0   0   0   0   0   0   0   0   0
  0   0   0   0   0 5238   0   0   0   0 8484   0   0   0   0   0   0   0   0   0   0 6552   0   0   0   0   0   0   0 4240   0   0   0   0   0   0   0   0   0 6001   0 9269   0   0   0   0   0   0   0 5066   0   0   0   0   0 4968 8644   0 1246   0   0   0   0
  0 5527   0   0   0   0   0   0   0   0   0   0   0   0   0   0   0   0   0   0   0   0 3840   0   0   0   0   0   0   0   0   0   0   0   0   0 5599   0   0   0 10351   0 5834 14331   0   0   0 2043   0 3792   0   0   0   0   0   0   0   0   0   0   0   0   0
3895   0   0   0 831   0 2803   0   0 1569   0   0   0   0   0   0   0   0   0   0   0   0 615   0   0   0   0   0   0 1668   0   0   0   0   0   0   0 2481   0   0   0   0   0   0   0   0 12117   0   0   0 1787 9312   0   0   0   0   0   0 3182   0   0 792   0
  0   0   0   0   0   0   0   0   0   0   0   0   0   0   0   0   0   0   0   0   0   0   0   0   0   0   0   0   0   0   0   0   0   0   0   0   0   0   0 1961   0 5571 9071   0   0   0 8999   0   0   0   0   0   0   0 3330   0   0   0   0   0   0   0 2251
  0   0   0   0   0   0   0   0   0   0   0 6847 3067   0   0   0   0 6157   0   0   0   0   0   0 2738   0 735   0   0   0   0   0   0   0   0   0   0   0   0   0   0   0   0   0   0   0   0   0   0   0   0   0   0   0   0 14969   0 2755   0   0   0   0   0
  0   0   0   0   0   0   0   0   0   0   0   0   0   0 2687 5100   0   0   0   0   0   0   0   0   0   0   0   0   0   0 1043   0   0   0   0   0   0   0   0   0   0   0   0   0   0   0 10434   0   0   0   0   0   0   0   0   0 1220   0 4903   0   0   0   0
  0   0   0   0   0   0   0   0   0   0   0 2779   0   0   0   0   0   0   0 2670   0   0   0   0   0   0   0   0   0 4648   0   0   0   0   0   0 3510   0   0   0   0   0 3054 1832   0 9423   0 5346   0   0   0   0   0   0 4265   0 320   0   0   0 9854   0   0
  0   0   0   0   0   0   0   0   0   0   0   0   0   0   0   0   0   0   0   0   0   0   0   0   0   0   0   0   0 6466   0   0   0 11400   0   0 7503   0   0   0   0 3930   0   0   0   0 1564   0   0 5552   0   0   0   0   0   0 2561   0   0   0   0   0   0
  0   0   0 812   0   0   0   0   0 5601   0   0   0   0   0   0   0   0   0   0   0   0   0   0   0   0   0   0   0   0   0   0   0   0   0   0   0   0   0   0   0   0   0   0   0   0   0   0   0   0   0 1536   0   0   0   0   0   0   0   0   0   0   0
  0   0   0   0   0   0   0   0   0   0 9713   0   0   0   0   0   0   0   0   0   0   0   0   0   0   0   0   0   0 6705   0   0   0   0   0   0 3559   0   0   0 14523 3034   0   0   0   0   0 2850   0   0   0 10242   0   0   0   0   0   0   0   0   0   0   0
  0   0   0   0   0   0   0   0   0   0   0   0   0   0   0   0   0   0   0   0   0   0   0   0 1190   0   0   0 2656   0   0   0   0   0   0   0   0   0   0   0   0   0 1109   0   0   0   0   0   0   0   0   0   0   0   0   0   0   0   0 5955   0   0   0
  0   0   0   0   0   0   0   0   0 5271   0   0 1755   0   0   0   0   0   0   0   0   0   0   0   0 9767   0   0   0   0   0   0   0   0   0   0 1849   0   0 3942   0   0 4312   0   0   0   0   0 1367 8671   0   0 8785 2003   0   0   0   0   0 6349   0 6279   0
  0   0   0   0   0   0 5991   0   0   0   0   0   0   0   0   0   0   0   0   0   0   0   0   0 6103 6527   0   0   0   0   0   0   0   0   0 1565   0   0   0   0   0   0   0   0   0   0   0   0   0   0   0 7748   0 5899   0   0   0   0   0   0   0   0   0
  0   0   0 369 3415   0   0   0   0   0   0   0   0   0   0   0   0   0   0   0   0   0   0   0 4167 6634   0   0   0 9940   0   0   0   0 648   0   0   0   0   0   0   0   0   0   0   0   0   0   0   0   0 6117 8326   0   0 5839   0   0   0 4088 7267   0   0
  0   0   0   0   0   0   0 10558   0   0   0   0   0   0   0   0   0   0   0   0   0   0   0   0   0   0   0   0   0   0   0   0   0   0   0   0   0   0   0   0   0   0   0 5115   0   0 8671   0   0   0   0   0   0   0   0   0   0   0 15416   0 534   0 2874
  0   0   0   0   0   0   0   0   0   0   0   0   0   0   0 1877   0   0   0   0   0   0   0 10723   0 1330   0 3543   0   0   0   0   0   0   0   0   0 3871   0   0 1946   0   0   0 4623   0   0   0   0   0   0   0   0 8850   0   0 10978   0 7246   0   0   0   0
  0 710   0   0   0   0   0   0   0   0   0   0 1176   0   0   0   0   0   0   0   0 5638   0   0 5940   0   0   0 7304   0   0   0   0   0 9834   0   0   0   0   0 7899   0   0   0   0 6686 1747 804   0   0   0   0   0   0   0 2802   0   0   0   0   0   0   0
18297   0   0   0   0   0   0   0   0   0 4532   0   0   0   0   0   0   0   0   0   0   0   0   0   0   0   0   0   0   0 429   0   0   0   0   0   0   0   0   0   0   0   0   0 4045   0   0   0   0   0   0   0   0   0   0   0   0   0 6319   0   0   0   0
  0   0 11413 1597   0   0 2304   0   0   0 2558   0   0 2278 5560   0   0   0   0   0   0   0   0   0   0   0   0   0   0   0   0   0   0   0   0   0   0   0 2359   0 5567   0   0   0   0 1180   0   0   0   0   0   0   0   0   0 12674   0 4400   0   0   0   0   0
  0   0   0   0 4156   0   0   0   0   0   0   0   0   0 6202   0   0 2513   0   0   0   0   0   0   0   0   0   0   0   0 2068   0 9540   0   0   0   0   0   0   0   0   0   0   0   0   0   0   0   0   0 2463 8754   0 13886   0   0   0   0   0   0   0   0   0
  0   0   0   0   0   0   0   0   0 5719 1642   0   0   0   0   0   0   0   0   0   0   0   0   0   0   0   0   0   0   0   0   0   0   0   0   0   0   0   0   0   0   0   0   0   0   0 2522   0   0   0   0   0   0 3445 1269   0   0   0 4224   0   0 6662   0
  0 9479   0 2909   0   0   0   0   0   0   0   0   0   0   0 6147   0   0   0   0   0   0   0   0   0   0   0   0   0   0   0   0   0   0   0   0   0   0   0   0   0   0 600   0   0   0   0   0   0   0   0 1713   0   0   0   0   0   0   0   0 866   0   0
  0   0   0   0   0   0   0   0   0   0   0   0   0   0   0   0   0   0   0   0   0   0   0   0   0   0   0   0   0   0   0   0   0 7514   0   0   0   0   0   0   0 19731   0 12929   0   0   0   0   0   0   0   0   0   0 14511   0   0   0   0   0 6283 11786   0

Fluxo inicial: 28223L
Fluxo adicional da fonte 0 ao sumidouro 62 encontrado: 40286L
Fluxo maximo total (fluxo inicial + adicional): 28223L + 40286L = 68509L
Tempo de execucao: 0.00276325 segundos
