Caso 19

Quantidade de vertices: 68
Quantidade de arestas: 255
Fonte: 0
Sumidouro: 67

Lista de Adjacencia:
  0: [(1, 14070), (22, 6335)]
  1: [(2, 6190), (4, 6386), (38, 9264), (60, 18276)]
  2: [(0, 15476), (3, 11818), (17, 12450), (27, 5471), (40, 6877), (51, 4349), (56, 5717)]
  3: [(4, 7370), (29, 2038)]
  4: [(5, 14824), (36, 11511), (48, 10760), (53, 2644), (54, 8925)]
  5: [(8, 1040), (10, 11557), (23, 9888), (43, 15732)]
  6: [(10, 12660), (42, 2423)]
  7: [(42, 16817), (64, 14640), (65, 17122)]
  8: [(9, 1109), (15, 3643), (42, 4858), (59, 12169)]
  9: [(10, 6649), (43, 17631), (48, 8098)]
  10: [(12, 9758), (20, 10697), (25, 1977), (34, 5125), (36, 16470), (39, 16997), (45, 7410)]
  11: [(17, 5226), (52, 19792), (66, 9751)]
  12: [(13, 6608), (26, 17574)]
  13: [(14, 17630), (36, 7448), (42, 17948), (65, 18281)]
  14: [(7, 19430), (15, 18580), (47, 16580)]
  15: [(2, 6165), (16, 4793), (18, 14004), (25, 1626), (60, 7819), (61, 18732), (67, 10016)]
  16: [(17, 3880), (36, 14342), (51, 9697), (54, 3632)]
  17: [(9, 9107), (18, 5424), (24, 3440)]
  18: [(5, 16968), (19, 7245), (52, 14010)]
  19: [(5, 13243), (10, 5170), (20, 5653)]
  20: [(19, 3680), (21, 10467), (62, 12078)]
  21: [(22, 4526), (23, 1546), (28, 2513)]
  22: [(12, 14597), (23, 6656), (46, 14902), (60, 16629)]
  23: [(21, 4301), (24, 1701), (38, 15855), (63, 6572)]
  24: [(14, 7304), (25, 7789), (31, 9021), (47, 19876)]
  25: [(26, 11191), (41, 13453)]
  26: [(20, 11604), (27, 3347), (32, 15719), (62, 12606)]
  27: [(11, 12482), (14, 1658), (21, 5487), (28, 10646), (33, 7479), (52, 1946)]
  28: [(4, 3789), (10, 13574), (19, 17117), (29, 10189), (35, 14505), (52, 8196)]
  29: [(9, 3665), (22, 2237), (31, 5708), (41, 14835), (49, 13048), (55, 15254)]
  30: [(5, 5464), (23, 13903)]
  31: [(19, 1504), (32, 16224), (63, 4042)]
  32: [(33, 18979)]
  33: [(34, 13984)]
  34: [(13, 2453), (35, 6177), (54, 7432)]
  35: [(15, 6163), (31, 6613), (33, 18043), (34, 9689), (37, 9402), (57, 1402), (65, 12462)]
  36: [(10, 13616), (15, 19657), (50, 10525), (57, 9206), (63, 17310)]
  37: [(30, 12065), (31, 10245), (38, 19608), (44, 18339), (47, 4656), (64, 4108)]
  38: [(4, 10439), (11, 3046), (39, 12588), (46, 11395), (63, 16185)]
  39: [(40, 1230), (45, 18349)]
  40: [(27, 8806), (30, 15360), (41, 4536)]
  41: [(26, 3122), (28, 3413), (42, 13231)]
  42: [(3, 5620), (30, 5761), (43, 12734), (46, 15922)]
  43: [(4, 11368), (30, 19091), (44, 16161), (47, 8307), (49, 4700)]
  44: [(40, 13640), (45, 13847), (66, 12406)]
  45: [(2, 11805), (13, 8679), (19, 1955), (43, 2300), (46, 14675), (57, 13321), (60, 13311), (61, 5924), (65, 18208)]
  46: [(18, 13053), (26, 7446), (47, 15600), (53, 19892)]
  47: [(9, 15268), (26, 19460), (33, 8360), (48, 15409)]
  48: [(1, 16528), (2, 18508), (49, 9366)]
  49: [(18, 13652), (50, 3482), (62, 17140)]
  50: [(4, 1737), (9, 8846), (17, 14029), (51, 13791), (66, 4365)]
  51: [(38, 15214), (48, 15207), (52, 1658), (54, 12272)]
  52: [(7, 15496), (44, 19459), (53, 9575)]
  53: [(19, 5359), (46, 9074), (54, 3722), (63, 9020)]
  54: [(0, 1242), (32, 18521), (33, 6876), (38, 18569), (55, 15036), (62, 8619), (66, 6099)]
  55: [(25, 17189), (29, 18375), (30, 10348), (37, 17105), (56, 14871)]
  56: [(27, 3057), (57, 2535)]
  57: [(7, 13232), (33, 16712), (34, 17056), (58, 2293)]
  58: [(12, 14055), (34, 9070), (59, 11874)]
  59: [(43, 14873), (60, 14428)]
  60: [(27, 13316), (51, 5858), (61, 16498), (67, 15109)]
  61: [(8, 13318), (46, 13690), (62, 7301), (63, 2474), (65, 7351)]
  62: [(44, 10157), (63, 3289)]
  63: [(9, 7063), (64, 8569)]
  64: [(65, 18956)]
  65: [(57, 17045), (66, 17308)]
  66: [(1, 5269), (38, 7461), (39, 19516), (67, 3199)]
  67: [(2, 14272), (21, 11016), (49, 7792)]

Lista de Adjacencia com arestas reversas:
  0: [(1, 14070), (22, 6335), (2, 0), (54, 0)]
  1: [(0, 0), (2, 6190), (4, 6386), (38, 9264), (60, 18276), (48, 0), (66, 0)]
  2: [(1, 0), (0, 15476), (3, 11818), (17, 12450), (27, 5471), (40, 6877), (51, 4349), (56, 5717), (15, 0), (45, 0), (48, 0), (67, 0)]
  3: [(2, 0), (4, 7370), (29, 2038), (42, 0)]
  4: [(1, 0), (3, 0), (5, 14824), (36, 11511), (48, 10760), (53, 2644), (54, 8925), (28, 0), (38, 0), (43, 0), (50, 0)]
  5: [(4, 0), (8, 1040), (10, 11557), (23, 9888), (43, 15732), (18, 0), (19, 0), (30, 0)]
  6: [(10, 12660), (42, 2423)]
  7: [(42, 16817), (64, 14640), (65, 17122), (14, 0), (52, 0), (57, 0)]
  8: [(5, 0), (9, 1109), (15, 3643), (42, 4858), (59, 12169), (61, 0)]
  9: [(8, 0), (10, 6649), (43, 17631), (48, 8098), (17, 0), (29, 0), (47, 0), (50, 0), (63, 0)]
  10: [(5, 0), (6, 0), (9, 0), (12, 9758), (20, 10697), (25, 1977), (34, 5125), (36, 16470), (39, 16997), (45, 7410), (19, 0), (28, 0), (36, 0)]
  11: [(17, 5226), (52, 19792), (66, 9751), (27, 0), (38, 0)]
  12: [(10, 0), (13, 6608), (26, 17574), (22, 0), (58, 0)]
  13: [(12, 0), (14, 17630), (36, 7448), (42, 17948), (65, 18281), (34, 0), (45, 0)]
  14: [(13, 0), (7, 19430), (15, 18580), (47, 16580), (24, 0), (27, 0)]
  15: [(8, 0), (14, 0), (2, 6165), (16, 4793), (18, 14004), (25, 1626), (60, 7819), (61, 18732), (67, 10016), (35, 0), (36, 0)]
  16: [(15, 0), (17, 3880), (36, 14342), (51, 9697), (54, 3632)]
  17: [(2, 0), (11, 0), (16, 0), (9, 9107), (18, 5424), (24, 3440), (50, 0)]
  18: [(15, 0), (17, 0), (5, 16968), (19, 7245), (52, 14010), (46, 0), (49, 0)]
  19: [(18, 0), (5, 13243), (10, 5170), (20, 5653), (20, 0), (28, 0), (31, 0), (45, 0), (53, 0)]
  20: [(10, 0), (19, 0), (19, 3680), (21, 10467), (62, 12078), (26, 0)]
  21: [(20, 0), (22, 4526), (23, 1546), (28, 2513), (23, 0), (27, 0), (67, 0)]
  22: [(0, 0), (21, 0), (12, 14597), (23, 6656), (46, 14902), (60, 16629), (29, 0)]
  23: [(5, 0), (21, 0), (22, 0), (21, 4301), (24, 1701), (38, 15855), (63, 6572), (30, 0)]
  24: [(17, 0), (23, 0), (14, 7304), (25, 7789), (31, 9021), (47, 19876)]
  25: [(10, 0), (15, 0), (24, 0), (26, 11191), (41, 13453), (55, 0)]
  26: [(12, 0), (25, 0), (20, 11604), (27, 3347), (32, 15719), (62, 12606), (41, 0), (46, 0), (47, 0)]
  27: [(2, 0), (26, 0), (11, 12482), (14, 1658), (21, 5487), (28, 10646), (33, 7479), (52, 1946), (40, 0), (56, 0), (60, 0)]
  28: [(21, 0), (27, 0), (4, 3789), (10, 13574), (19, 17117), (29, 10189), (35, 14505), (52, 8196), (41, 0)]
  29: [(3, 0), (28, 0), (9, 3665), (22, 2237), (31, 5708), (41, 14835), (49, 13048), (55, 15254), (55, 0)]
  30: [(5, 5464), (23, 13903), (37, 0), (40, 0), (42, 0), (43, 0), (55, 0)]
  31: [(24, 0), (29, 0), (19, 1504), (32, 16224), (63, 4042), (35, 0), (37, 0)]
  32: [(26, 0), (31, 0), (33, 18979), (54, 0)]
  33: [(27, 0), (32, 0), (34, 13984), (35, 0), (47, 0), (54, 0), (57, 0)]
  34: [(10, 0), (33, 0), (13, 2453), (35, 6177), (54, 7432), (35, 0), (57, 0), (58, 0)]
  35: [(28, 0), (34, 0), (15, 6163), (31, 6613), (33, 18043), (34, 9689), (37, 9402), (57, 1402), (65, 12462)]
  36: [(4, 0), (10, 0), (13, 0), (16, 0), (10, 13616), (15, 19657), (50, 10525), (57, 9206), (63, 17310)]
  37: [(35, 0), (30, 12065), (31, 10245), (38, 19608), (44, 18339), (47, 4656), (64, 4108), (55, 0)]
  38: [(1, 0), (23, 0), (37, 0), (4, 10439), (11, 3046), (39, 12588), (46, 11395), (63, 16185), (51, 0), (54, 0), (66, 0)]
  39: [(10, 0), (38, 0), (40, 1230), (45, 18349), (66, 0)]
  40: [(2, 0), (39, 0), (27, 8806), (30, 15360), (41, 4536), (44, 0)]
  41: [(25, 0), (29, 0), (40, 0), (26, 3122), (28, 3413), (42, 13231)]
  42: [(6, 0), (7, 0), (8, 0), (13, 0), (41, 0), (3, 5620), (30, 5761), (43, 12734), (46, 15922)]
  43: [(5, 0), (9, 0), (42, 0), (4, 11368), (30, 19091), (44, 16161), (47, 8307), (49, 4700), (45, 0), (59, 0)]
  44: [(37, 0), (43, 0), (40, 13640), (45, 13847), (66, 12406), (52, 0), (62, 0)]
  45: [(10, 0), (39, 0), (44, 0), (2, 11805), (13, 8679), (19, 1955), (43, 2300), (46, 14675), (57, 13321), (60, 13311), (61, 5924), (65, 18208)]
  46: [(22, 0), (38, 0), (42, 0), (45, 0), (18, 13053), (26, 7446), (47, 15600), (53, 19892), (53, 0), (61, 0)]
  47: [(14, 0), (24, 0), (37, 0), (43, 0), (46, 0), (9, 15268), (26, 19460), (33, 8360), (48, 15409)]
  48: [(4, 0), (9, 0), (47, 0), (1, 16528), (2, 18508), (49, 9366), (51, 0)]
  49: [(29, 0), (43, 0), (48, 0), (18, 13652), (50, 3482), (62, 17140), (67, 0)]
  50: [(36, 0), (49, 0), (4, 1737), (9, 8846), (17, 14029), (51, 13791), (66, 4365)]
  51: [(2, 0), (16, 0), (50, 0), (38, 15214), (48, 15207), (52, 1658), (54, 12272), (60, 0)]
  52: [(11, 0), (18, 0), (27, 0), (28, 0), (51, 0), (7, 15496), (44, 19459), (53, 9575)]
  53: [(4, 0), (46, 0), (52, 0), (19, 5359), (46, 9074), (54, 3722), (63, 9020)]
  54: [(4, 0), (16, 0), (34, 0), (51, 0), (53, 0), (0, 1242), (32, 18521), (33, 6876), (38, 18569), (55, 15036), (62, 8619), (66, 6099)]
  55: [(29, 0), (54, 0), (25, 17189), (29, 18375), (30, 10348), (37, 17105), (56, 14871)]
  56: [(2, 0), (55, 0), (27, 3057), (57, 2535)]
  57: [(35, 0), (36, 0), (45, 0), (56, 0), (7, 13232), (33, 16712), (34, 17056), (58, 2293), (65, 0)]
  58: [(57, 0), (12, 14055), (34, 9070), (59, 11874)]
  59: [(8, 0), (58, 0), (43, 14873), (60, 14428)]
  60: [(1, 0), (15, 0), (22, 0), (45, 0), (59, 0), (27, 13316), (51, 5858), (61, 16498), (67, 15109)]
  61: [(15, 0), (45, 0), (60, 0), (8, 13318), (46, 13690), (62, 7301), (63, 2474), (65, 7351)]
  62: [(20, 0), (26, 0), (49, 0), (54, 0), (61, 0), (44, 10157), (63, 3289)]
  63: [(23, 0), (31, 0), (36, 0), (38, 0), (53, 0), (61, 0), (62, 0), (9, 7063), (64, 8569)]
  64: [(7, 0), (37, 0), (63, 0), (65, 18956)]
  65: [(7, 0), (13, 0), (35, 0), (45, 0), (61, 0), (64, 0), (57, 17045), (66, 17308)]
  66: [(11, 0), (44, 0), (50, 0), (54, 0), (65, 0), (1, 5269), (38, 7461), (39, 19516), (67, 3199)]
  67: [(15, 0), (60, 0), (66, 0), (2, 14272), (21, 11016), (49, 7792)]

Matriz de Capacidades Residuais inicial:
  0 8686 11619   0   0   0   0   0   0   0   0   0   0   0   0   0   0   0   0   0   0   0 3426   0   0   0   0   0   0   0   0   0   0   0   0   0   0   0   0   0   0   0   0   0   0   0   0   0   0   0   0   0   0   0 483   0   0   0   0   0   0   0   0   0   0   0   0   0
5384   0 2329   0 4181   0   0   0   0   0   0   0   0   0   0   0   0   0   0   0   0   0   0   0   0   0   0   0   0   0   0   0   0   0   0   0   0   0 2789   0   0   0   0   0   0   0   0   0 5598   0   0   0   0   0   0   0   0   0   0   0 2844   0   0   0   0   0 2239   0
3857 3861   0 8669   0   0   0   0   0   0   0   0   0   0   0 2320   0 7011   0   0   0   0   0   0   0   0   0 2471   0   0   0   0   0   0   0   0   0   0   0   0 1355   0   0   0   0 7357   0   0 6413   0   0 2520   0   0   0   0 3035   0   0   0   0   0   0   0   0   0   0 5836
  0   0 3149   0 4066   0   0   0   0   0   0   0   0   0   0   0   0   0   0   0   0   0   0   0   0   0   0   0   0 1212   0   0   0   0   0   0   0   0   0   0   0   0 2275   0   0   0   0   0   0   0   0   0   0   0   0   0   0   0   0   0   0   0   0   0   0   0   0   0
  0 2205   0 3304   0 7383   0   0   0   0   0   0   0   0   0   0   0   0   0   0   0   0   0   0   0   0   0   0 1762   0   0   0   0   0   0   0 8630   0 5869   0   0   0   0 9414   0   0   0   0 4260   0 521   0   0 1604 2803   0   0   0   0   0   0   0   0   0   0   0   0   0
  0   0   0   0 7441   0   0   0 365   0 3661   0   0   0   0   0   0   0 3634 8962   0   0   0 1567   0   0   0   0   0   0 2789   0   0   0   0   0   0   0   0   0   0   0   0 5067   0   0   0   0   0   0   0   0   0   0   0   0   0   0   0   0   0   0   0   0   0   0   0   0
  0   0   0   0   0   0   0   0   0   0 8661   0   0   0   0   0   0   0   0   0   0   0   0   0   0   0   0   0   0   0   0   0   0   0   0   0   0   0   0   0   0   0 1391   0   0   0   0   0   0   0   0   0   0   0   0   0   0   0   0   0   0   0   0   0   0   0   0   0
  0   0   0   0   0   0   0   0   0   0   0   0   0   0 8412   0   0   0   0   0   0   0   0   0   0   0   0   0   0   0   0   0   0   0   0   0   0   0   0   0   0   0 5384   0   0   0   0   0   0   0   0   0 7940   0   0   0   0 5139   0   0   0   0   0   0 5559 13138   0   0
  0   0   0   0   0 675   0   0   0 710   0   0   0   0   0 2312   0   0   0   0   0   0   0   0   0   0   0   0   0   0   0   0   0   0   0   0   0   0   0   0   0   0 2224   0   0   0   0   0   0   0   0   0   0   0   0   0   0   0   0 9572   0 6915   0   0   0   0   0   0
  0   0   0   0   0   0   0   0 399   0 1001   0   0   0   0   0   0 5585   0   0   0   0   0   0   0   0   0   0   0 2182   0   0   0   0   0   0   0   0   0   0   0   0   0 11490   0   0   0 8085 3989   0 4715   0   0   0   0   0   0   0   0   0   0   0   0 5023   0   0   0   0
  0   0   0   0   0 7896 3999   0   0 5648   0   0 2891   0   0   0   0   0   0 3958 6250   0   0   0   0 803   0   0 5589   0   0   0   0   0 3417   0 3463   0   0 13110   0   0   0   0   0 2795   0   0   0   0   0   0   0   0   0   0   0   0   0   0   0   0   0   0   0   0   0   0
  0   0   0   0   0   0   0   0   0   0   0   0   0   0   0   0   0 2249   0   0   0   0   0   0   0   0   0 9684   0   0   0   0   0   0   0   0   0   0 1362   0   0   0   0   0   0   0   0   0   0   0   0   0 12994   0   0   0   0   0   0   0   0   0   0   0   0   0 5228   0
  0   0   0   0   0   0   0   0   0   0 6867   0   0 1706   0   0   0   0   0   0   0   0 8631   0   0   0 3315   0   0   0   0   0   0   0   0   0   0   0   0   0   0   0   0   0   0   0   0   0   0   0   0   0   0   0   0   0   0   0 8953   0   0   0   0   0   0   0   0   0
  0   0   0   0   0   0   0   0   0   0   0   0 4902   0 5614   0   0   0   0   0   0   0   0   0   0   0   0   0   0   0   0   0   0   0 1193   0 5673   0   0   0   0   0 11137   0   0 4085   0   0   0   0   0   0   0   0   0   0   0   0   0   0   0   0   0   0   0 13964   0   0
  0   0   0   0   0   0   0 11018   0   0   0   0   0 12016   0 3627   0   0   0   0   0   0   0   0 3836   0   0 998   0   0   0   0   0   0   0   0   0   0   0   0   0   0   0   0   0   0   0 3404   0   0   0   0   0   0   0   0   0   0   0   0   0   0   0   0   0   0   0   0
  0   0 3845   0   0   0   0   0 1331   0   0   0   0   0 14953   0 2110   0 6961   0   0   0   0   0   0 833   0   0   0   0   0   0   0   0   0 4418 16518   0   0   0   0   0   0   0   0   0   0   0   0   0   0   0   0   0   0   0   0   0   0   0 5610 11198   0   0   0   0   0 7803
  0   0   0   0   0   0   0   0   0   0   0   0   0   0   0 2683   0 1254   0   0   0   0   0   0   0   0   0   0   0   0   0   0   0   0   0   0 10666   0   0   0   0   0   0   0   0   0   0   0   0   0   0 7217   0   0 1755   0   0   0   0   0   0   0   0   0   0   0   0   0
  0   0 5439   0   0   0   0   0   0 3522   0 2977   0   0   0   0 2626   0 3838   0   0   0   0   0 2671   0   0   0   0   0   0   0   0   0   0   0   0   0   0   0   0   0   0   0   0   0   0   0   0   0 11844   0   0   0   0   0   0   0   0   0   0   0   0   0   0   0   0   0
  0   0   0   0   0 13334   0   0   0   0   0   0   0   0   0 7043   0 1586   0 2254   0   0   0   0   0   0   0   0   0   0   0   0   0   0   0   0   0   0   0   0   0   0   0   0   0   0 8363   0   0 5780   0   0 8740   0   0   0   0   0   0   0   0   0   0   0   0   0   0   0
  0   0   0   0   0 4281   0   0   0   0 1212   0   0   0   0   0   0   0 4991   0 2589   0   0   0   0   0   0   0 13357   0   0 1125   0   0   0   0   0   0   0   0   0   0   0   0   0 953   0   0   0   0   0   0   0 4033   0   0   0   0   0   0   0   0   0   0   0   0   0   0
  0   0   0   0   0   0   0   0   0   0 4447   0   0   0   0   0   0   0   0 1091   0 3068   0   0   0   0 8908   0   0   0   0   0   0   0   0   0   0   0   0   0   0   0   0   0   0   0   0   0   0   0   0   0   0   0   0   0   0   0   0   0   0   0 3404   0   0   0   0   0
  0   0   0   0   0   0   0   0   0   0   0   0   0   0   0   0   0   0   0   0 7399   0 1756 1595   0   0   0 2732 946   0   0   0   0   0   0   0   0   0   0   0   0   0   0   0   0   0   0   0   0   0   0   0   0   0   0   0   0   0   0   0   0   0   0   0   0   0   0 6451
2909   0   0   0   0   0   0   0   0   0   0   0 5966   0   0   0   0   0   0   0   0 2770   0 3671   0   0   0   0   0 514   0   0   0   0   0   0   0   0   0   0   0   0   0   0   0   0 9279   0   0   0   0   0   0   0   0   0   0   0   0   0 10116   0   0   0   0   0   0   0
  0   0   0   0   0 8321   0   0   0   0   0   0   0   0   0   0   0   0   0   0   0 2706 2985   0 957   0   0   0   0   0 8359   0   0   0   0   0   0   0 5217   0   0   0   0   0   0   0   0   0   0   0   0   0   0   0   0   0   0   0   0   0   0   0   0 3043   0   0   0   0
  0   0   0   0   0   0   0   0   0   0   0   0   0   0 3468   0   0 769   0   0   0   0   0 744   0 5704   0   0   0   0   0 1956   0   0   0   0   0   0   0   0   0   0   0   0   0   0   0 10575   0   0   0   0   0   0   0   0   0   0   0   0   0   0   0   0   0   0   0   0
  0   0   0   0   0   0   0   0   0   0 1174   0   0   0   0 793   0   0   0   0   0   0   0   0 2085   0 5804   0   0   0   0   0   0   0   0   0   0   0   0   0   0 7856   0   0   0   0   0   0   0   0   0   0   0   0   0 3617   0   0   0   0   0   0   0   0   0   0   0   0
  0   0   0   0   0   0   0   0   0   0   0   0 14259   0   0   0   0   0   0   0 2696   0   0   0   0 5387   0 2106   0   0   0   0 6765   0   0   0   0   0   0   0   0 2274   0   0   0   0 4846 15471   0   0   0   0   0   0   0   0   0   0   0   0   0   0 3740   0   0   0   0   0
  0   0 3000   0   0   0   0   0   0   0   0 2798   0   0 660   0   0   0   0   0   0 2755   0   0   0   0 1241   0 7813   0   0   0   0 1315   0   0   0   0   0   0 3411   0   0   0   0   0   0   0   0   0   0   0 386   0   0   0 780   0   0   0 3954   0   0   0   0   0   0   0
  0   0   0   0 2027   0   0   0   0   0 7985   0   0   0   0   0   0   0   0 3760   0 1567   0   0   0   0   0 2833   0 5414   0   0   0   0   0 10190   0   0   0   0   0 709   0   0   0   0   0   0   0   0   0   0 6332   0   0   0   0   0   0   0   0   0   0   0   0   0   0   0
  0   0   0 826   0   0   0   0   0 1483   0   0   0   0   0   0   0   0   0   0   0   0 1723   0   0   0   0   0 4775   0   0 2383   0   0   0   0   0   0   0   0   0 11307   0   0   0   0   0   0   0 2933   0   0   0   0   0 13927   0   0   0   0   0   0   0   0   0   0   0   0
  0   0   0   0   0 2675   0   0   0   0   0   0   0   0   0   0   0   0   0   0   0   0   0 5544   0   0   0   0   0   0   0   0   0   0   0   0   0 3400   0   0 3552   0 2804 4763   0   0   0   0   0   0   0   0   0   0   0 4092   0   0   0   0   0   0   0   0   0   0   0   0
  0   0   0   0   0   0   0   0   0   0   0   0   0   0   0   0   0   0   0 379   0   0   0   0 7065   0   0   0   0 3325   0   0 12363   0   0 5576   0 6802   0   0   0   0   0   0   0   0   0   0   0   0   0   0   0   0   0   0   0   0   0   0   0   0   0 2713   0   0   0   0
  0   0   0   0   0   0   0   0   0   0   0   0   0   0   0   0   0   0   0   0   0   0   0   0   0   0 8954   0   0   0   0 3861   0 10030   0   0   0   0   0   0   0   0   0   0   0   0   0   0   0   0   0   0   0   0 3979   0   0   0   0   0   0   0   0   0   0   0   0   0
  0   0   0   0   0   0   0   0   0   0   0   0   0   0   0   0   0   0   0   0   0   0   0   0   0   0   0 6164   0   0   0   0 8949   0 7858 7069   0   0   0   0   0   0   0   0   0   0   0 2084   0   0   0   0   0   0 3444   0   0 4339   0   0   0   0   0   0   0   0   0   0
  0   0   0   0   0   0   0   0   0   0 1708   0   0 1260   0   0   0   0   0   0   0   0   0   0   0   0   0   0   0   0   0   0   0 6126   0 4047   0   0   0   0   0   0   0   0   0   0   0   0   0   0   0   0   0   0 4400   0   0 14036 4505   0   0   0   0   0   0   0   0   0
  0   0   0   0   0   0   0   0   0   0   0   0   0   0   0 1745   0   0   0   0   0   0   0   0   0   0   0   0 4315   0   0 1037   0 10974 5642   0   0 6840   0   0   0   0   0   0   0   0   0   0   0   0   0   0   0   0   0   0   0 1020   0   0   0   0   0   0   0 8763   0   0
  0   0   0   0 2881   0   0   0   0   0 10153   0   0 1775   0 3139 3676   0   0   0   0   0   0   0   0   0   0   0   0   0   0   0   0   0   0   0   0   0   0   0   0   0   0   0   0   0   0   0   0   0 3003   0   0   0   0   0   0 2120   0   0   0   0   0 5012   0   0   0   0
  0   0   0   0   0   0   0   0   0   0   0   0   0   0   0   0   0   0   0   0   0   0   0   0   0   0   0   0   0   0 8665 3443   0   0   0 2562   0   0 11920   0   0   0   0   0 11112   0   0 1856   0   0   0   0   0   0   0 8707   0   0   0   0   0   0   0   0 2317   0   0   0
  0 6475   0   0 4570   0   0   0   0   0   0 1684   0   0   0   0   0   0   0   0   0   0   0 10638   0   0   0   0   0   0   0   0   0   0   0   0   0 7688   0 2601   0   0   0   0   0   0 4902   0   0   0   0 6000   0   0 13076   0   0   0   0   0   0   0   0 11981   0   0 5378   0
  0   0   0   0   0   0   0   0   0   0 3887   0   0   0   0   0   0   0   0   0   0   0   0   0   0   0   0   0   0   0   0   0   0   0   0   0   0   0 9987   0 625   0   0   0   0 10561   0   0   0   0   0   0   0   0   0   0   0   0   0   0   0   0   0   0   0   0 5777   0
  0   0 5522   0   0   0   0   0   0   0   0   0   0   0   0   0   0   0   0   0   0   0   0   0   0   0   0 5395   0   0 11808   0   0   0   0   0   0   0   0 605   0 3322   0   0 3086   0   0   0   0   0   0   0   0   0   0   0   0   0   0   0   0   0   0   0   0   0   0   0
  0   0   0   0   0   0   0   0   0   0   0   0   0   0   0   0   0   0   0   0   0   0   0   0   0 5597 848   0 2704 3528   0   0   0   0   0   0   0   0   0   0 1214   0 4954   0   0   0   0   0   0   0   0   0   0   0   0   0   0   0   0   0   0   0   0   0   0   0   0   0
  0   0   0 3345   0   0 1032 11433 2634   0   0   0   0 6811   0   0   0   0   0   0   0   0   0   0   0   0   0   0   0   0 2957   0   0   0   0   0   0   0   0   0   0 8277   0 9826   0   0 3281   0   0   0   0   0   0   0   0   0   0   0   0   0   0   0   0   0   0   0   0   0
  0   0   0   0 1954 10665   0   0   0 6141   0   0   0   0   0   0   0   0   0   0   0   0   0   0   0   0   0   0   0   0 14328   0   0   0   0   0   0   0   0   0   0   0 2908   0 5200 1668   0 4023   0 2474   0   0   0   0   0   0   0   0   0 8725   0   0   0   0   0   0   0   0
  0   0   0   0   0   0   0   0   0   0   0   0   0   0   0   0   0   0   0   0   0   0   0   0   0   0   0   0   0   0   0   0   0   0   0   0   0 7227   0   0 10554   0   0 10961   0 5978   0   0   0   0   0   0 10314   0   0   0   0   0   0   0   0   0 6818   0   0   0 5267   0
  0   0 4448   0   0   0   0   0   0   0 4615   0   0 4594   0   0   0   0   0 1002   0   0   0   0   0   0   0   0   0   0   0   0   0   0   0   0   0   0   0 7788   0   0   0 632 7869   0 9510   0   0   0   0   0   0   0   0   0   0 3247   0   0 2850 1232   0   0   0 2981   0   0
  0   0   0   0   0   0   0   0   0   0   0   0   0   0   0   0   0   0 4690   0   0   0 5623   0   0   0 2600   0   0   0   0   0   0   0   0   0   0   0 6493   0   0   0 12641   0   0 5165   0 11077   0   0   0   0   0 2968   0   0   0   0   0   0   0 9004   0   0   0   0   0   0
  0   0   0   0   0   0   0   0   0 7183   0   0   0   0 13176   0   0   0   0   0   0   0   0   0 9301   0 3989   0   0   0   0   0   0 6276   0   0   0 2800   0   0   0   0   0 4284   0   0 4523   0 6834   0   0   0   0   0   0   0   0   0   0   0   0   0   0   0   0   0   0   0
  0 10930 12095   0 6500   0   0   0   0 4109   0   0   0   0   0   0   0   0   0   0   0   0   0   0   0   0   0   0   0   0   0   0   0   0   0   0   0   0   0   0   0   0   0   0   0   0   0 8575   0 1781   0 9286   0   0   0   0   0   0   0   0   0   0   0   0   0   0   0   0
  0   0   0   0   0   0   0   0   0   0   0   0   0   0   0   0   0   0 7872   0   0   0   0   0   0   0   0   0   0 10115   0   0   0   0   0   0   0   0   0   0   0   0   0 2226   0   0   0   0 7585   0 2014   0   0   0   0   0   0   0   0   0   0   0 2740   0   0   0   0 3494
  0   0   0   0 1216   0   0   0   0 4131   0   0   0   0   0   0   0 2185   0   0   0   0   0   0   0   0   0   0   0   0   0   0   0   0   0   0 7522   0   0   0   0   0   0   0   0   0   0   0   0 1468   0 10202   0   0   0   0   0   0   0   0   0   0   0   0   0   0 727   0
  0   0 1829   0   0   0   0   0   0   0   0   0   0   0   0   0 2480   0   0   0   0   0   0   0   0   0   0   0   0   0   0   0   0   0   0   0   0   0 9214   0   0   0   0   0   0   0   0   0 5921   0 3589   0 265   0 4470   0   0   0   0   0 4029   0   0   0   0   0   0   0
  0   0   0   0   0   0   0 7556   0   0   0 6798   0   0   0   0   0   0 5270   0   0   0   0   0   0   0   0 1560 1864   0   0   0   0   0   0   0   0   0   0   0   0   0   0   0 9145   0   0   0   0   0   0 1393   0 6720   0   0   0   0   0   0   0   0   0   0   0   0   0   0
  0   0   0   0 1040   0   0   0   0   0   0   0   0   0   0   0   0   0   0 1326   0   0   0   0   0   0   0   0   0   0   0   0   0   0   0   0   0   0   0   0   0   0   0   0   0   0 6106   0   0   0   0   0 2855   0 2783   0   0   0   0   0   0   0   0 6782   0   0   0   0
759   0   0   0 6122   0   0   0   0   0   0   0   0   0   0   0 1877   0   0   0   0   0   0   0   0   0   0   0   0   0   0   0 14542 3432 3032   0   0   0 5493   0   0   0   0   0   0   0   0   0   0   0   0 7802   0 939   0 10889   0   0   0   0   0   0 4160   0   0   0 4188   0
  0   0   0   0   0   0   0   0   0   0   0   0   0   0   0   0   0   0   0   0   0   0   0   0   0 13572   0   0   0 4448 6256   0   0   0   0   0   0 8398   0   0   0   0   0   0   0   0   0   0   0   0   0   0   0   0 4147   0 11311   0   0   0   0   0   0   0   0   0   0   0
  0   0 2682   0   0   0   0   0   0   0   0   0   0   0   0   0   0   0   0   0   0   0   0   0   0   0   0 2277   0   0   0   0   0   0   0   0   0   0   0   0   0   0   0   0   0   0   0   0   0   0   0   0   0   0   0 3560   0 1177   0   0   0   0   0   0   0   0   0   0
  0   0   0   0   0   0   0 8093   0   0   0   0   0   0   0   0   0   0   0   0   0   0   0   0   0   0   0   0   0   0   0   0   0 12373 3020 382 7086   0   0   0   0   0   0   0   0 10074   0   0   0   0   0   0   0   0   0   0 1358   0 1534   0   0   0   0   0   0 10169   0   0
  0   0   0   0   0   0   0   0   0   0   0   0 5102   0   0   0   0   0   0   0   0   0   0   0   0   0   0   0   0   0   0   0   0   0 4565   0   0   0   0   0   0   0   0   0   0   0   0   0   0   0   0   0   0   0   0   0   0 759   0 7062   0   0   0   0   0   0   0   0
  0   0   0   0   0   0   0   0 2597   0   0   0   0   0   0   0   0   0   0   0   0   0   0   0   0   0   0   0   0   0   0   0   0   0   0   0   0   0   0   0   0   0   0 6148   0   0   0   0   0   0   0   0   0   0   0   0   0   0 4812   0 3080   0   0   0   0   0   0   0
  0 15432   0   0   0   0   0   0   0   0   0   0   0   0   0 2209   0   0   0   0   0   0 6513   0   0   0   0 9362   0   0   0   0   0   0   0   0   0   0   0   0   0   0   0   0   0 10461   0   0   0   0   0 1829   0   0   0   0   0   0   0 11348   0 7504   0   0   0   0   0 5933
  0   0   0   0   0   0   0   0 6403   0   0   0   0   0   0 7534   0   0   0   0   0   0   0   0   0   0   0   0   0   0   0   0   0   0   0   0   0   0   0   0   0   0   0   0   0 4692 4686   0   0   0   0   0   0   0   0   0   0   0   0   0 8994   0 1969 1538   0 5267   0   0
  0   0   0   0   0   0   0   0   0   0   0   0   0   0   0   0   0   0   0   0 8674   0   0   0   0   0 8866   0   0   0   0   0   0   0   0   0   0   0   0   0   0   0   0   0 3339   0   0   0   0 14400   0   0   0   0 4459   0   0   0   0   0   0 5332   0 1008   0   0   0   0
  0   0   0   0   0   0   0   0   0 2040   0   0   0   0   0   0   0   0   0   0   0   0   0 3529   0   0   0   0   0   0   0 1329   0   0   0   0 12298   0 4204   0   0   0   0   0   0   0   0   0   0   0   0   0   0 2238   0   0   0   0   0   0   0 936 2281   0 4299   0   0   0
  0   0   0   0   0   0   0 9081   0   0   0   0   0   0   0   0   0   0   0   0   0   0   0   0   0   0   0   0   0   0   0   0   0   0   0   0   0 1791   0   0   0   0   0   0   0   0   0   0   0   0   0   0   0   0   0   0   0   0   0   0   0   0   0 4270   0 11096   0   0
  0   0   0   0   0   0   0 3984   0   0   0   0   0 4317   0   0   0   0   0   0   0   0   0   0   0   0   0   0   0   0   0   0   0   0   0 3699   0   0   0   0   0   0   0   0   0 15227   0   0   0   0   0   0   0   0   0   0   0 6876   0   0   0 2084   0   0 7860   0 12156   0
  0 3030   0   0   0   0   0   0   0   0   0 4523   0   0   0   0   0   0   0   0   0   0   0   0   0   0   0   0   0   0   0   0   0   0   0   0   0   0 2083 13739   0   0   0   0 7139   0   0   0   0   0 3638   0   0   0 1911   0   0   0   0   0   0   0   0   0   0 5152   0 2481
  0   0 8436   0   0   0   0   0   0   0   0   0   0   0   0 2213   0   0   0   0   0 4565   0   0   0   0   0   0   0   0   0   0   0   0   0   0   0   0   0   0   0   0   0   0   0   0   0   0   0 4298   0   0   0   0   0   0   0   0   0   0 9176   0   0   0   0   0 718   0

Matriz de Capacidades Residuais final:
  0   0   0   0   0   0   0   0   0   0   0   0   0   0   0   0   0   0   0   0   0   0   0   0   0   0   0   0   0   0   0   0   0   0   0   0   0   0   0   0   0   0   0   0   0   0   0   0   0   0   0   0   0   0   0   0   0   0   0   0   0   0   0   0   0   0   0   0
14070   0 888   0 3800   0   0   0   0   0   0   0   0   0   0   0   0   0   0   0   0   0   0   0   0   0   0   0   0   0   0   0   0   0   0   0   0   0 2789   0   0   0   0   0   0   0   0   0 3817   0   0   0   0   0   0   0   0   0   0   0   0   0   0   0   0   0   0   0
15476 5302   0 8669   0   0   0   0   0   0   0   0   0   0   0   0   0 7011   0   0   0   0   0   0   0   0   0   0   0   0   0   0   0   0   0   0   0   0   0   0 1355   0   0   0   0 7357   0   0 6413   0   0  87   0   0   0   0 3035   0   0   0   0   0   0   0   0   0   0   0
  0   0 3149   0 4066   0   0   0   0   0   0   0   0   0   0   0   0   0   0   0   0   0   0   0   0   0   0   0   0 1212   0   0   0   0   0   0   0   0   0   0   0   0 2275   0   0   0   0   0   0   0   0   0   0   0   0   0   0   0   0   0   0   0   0   0   0   0   0   0
  0 2586   0 3304   0 7383   0   0   0   0   0   0   0   0   0   0   0   0   0   0   0   0   0   0   0   0   0   0 1762   0   0   0   0   0   0   0 8249   0 5869   0   0   0   0 9414   0   0   0   0 4260   0 521   0   0 1604 2803   0   0   0   0   0   0   0   0   0   0   0   0   0
  0   0   0   0 7441   0   0   0 365   0 3661   0   0   0   0   0   0   0 3634 8962   0   0   0 1567   0   0   0   0   0   0 2789   0   0   0   0   0   0   0   0   0   0   0   0 5067   0   0   0   0   0   0   0   0   0   0   0   0   0   0   0   0   0   0   0   0   0   0   0   0
  0   0   0   0   0   0   0   0   0   0 8661   0   0   0   0   0   0   0   0   0   0   0   0   0   0   0   0   0   0   0   0   0   0   0   0   0   0   0   0   0   0   0 1391   0   0   0   0   0   0   0   0   0   0   0   0   0   0   0   0   0   0   0   0   0   0   0   0   0
  0   0   0   0   0   0   0   0   0   0   0   0   0   0 8412   0   0   0   0   0   0   0   0   0   0   0   0   0   0   0   0   0   0   0   0   0   0   0   0   0   0   0 5384   0   0   0   0   0   0   0   0   0 7940   0   0   0   0 5139   0   0   0   0   0   0 5559 13138   0   0
  0   0   0   0   0 675   0   0   0 710   0   0   0   0   0 2312   0   0   0   0   0   0   0   0   0   0   0   0   0   0   0   0   0   0   0   0   0   0   0   0   0   0 2224   0   0   0   0   0   0   0   0   0   0   0   0   0   0   0   0 9572   0 6915   0   0   0   0   0   0
  0   0   0   0   0   0   0   0 399   0 1001   0   0   0   0   0   0 5585   0   0   0   0   0   0   0   0   0   0   0 2182   0   0   0   0   0   0   0   0   0   0   0   0   0 11490   0   0   0 8085 3989   0 4715   0   0   0   0   0   0   0   0   0   0   0   0 5023   0   0   0   0
  0   0   0   0   0 7896 3999   0   0 5648   0   0 2891   0   0   0   0   0   0 3958 6250   0   0   0   0 803   0   0 5589   0   0   0   0   0 3417   0 3463   0   0 13110   0   0   0   0   0 2795   0   0   0   0   0   0   0   0   0   0   0   0   0   0   0   0   0   0   0   0   0   0
  0   0   0   0   0   0   0   0   0   0   0   0   0   0   0   0   0 2249   0   0   0   0   0   0   0   0   0 9684   0   0   0   0   0   0   0   0   0   0 1362   0   0   0   0   0   0   0   0   0   0   0   0   0 12994   0   0   0   0   0   0   0   0   0   0   0   0   0 5228   0
  0   0   0   0   0   0   0   0   0   0 6867   0   0 1706   0   0   0   0   0   0   0   0 8631   0   0   0 3315   0   0   0   0   0   0   0   0   0   0   0   0   0   0   0   0   0   0   0   0   0   0   0   0   0   0   0   0   0   0   0 8953   0   0   0   0   0   0   0   0   0
  0   0   0   0   0   0   0   0   0   0   0   0 4902   0 5614   0   0   0   0   0   0   0   0   0   0   0   0   0   0   0   0   0   0   0 1193   0 5673   0   0   0   0   0 11137   0   0 4085   0   0   0   0   0   0   0   0   0   0   0   0   0   0   0   0   0   0   0 13964   0   0
  0   0   0   0   0   0   0 11018   0   0   0   0   0 12016   0 3627   0   0   0   0   0   0   0   0 3836   0   0 998   0   0   0   0   0   0   0   0   0   0   0   0   0   0   0   0   0   0   0 3404   0   0   0   0   0   0   0   0   0   0   0   0   0   0   0   0   0   0   0   0
  0   0 6165   0   0   0   0   0 1331   0   0   0   0   0 14953   0 2351   0 6961   0   0   0   0   0   0 833   0   0   0   0   0   0   0   0   0 4418 16899   0   0   0   0   0   0   0   0   0   0   0   0   0   0   0   0   0   0   0   0   0   0   0 5610 11198   0   0   0   0   0 4861
  0   0   0   0   0   0   0   0   0   0   0   0   0   0   0 2442   0 1254   0   0   0   0   0   0   0   0   0   0   0   0   0   0   0   0   0   0 10666   0   0   0   0   0   0   0   0   0   0   0   0   0   0 7217   0   0 1996   0   0   0   0   0   0   0   0   0   0   0   0   0
  0   0 5439   0   0   0   0   0   0 3522   0 2977   0   0   0   0 2626   0 3838   0   0   0   0   0 2671   0   0   0   0   0   0   0   0   0   0   0   0   0   0   0   0   0   0   0   0   0   0   0   0   0 11844   0   0   0   0   0   0   0   0   0   0   0   0   0   0   0   0   0
  0   0   0   0   0 13334   0   0   0   0   0   0   0   0   0 7043   0 1586   0 2254   0   0   0   0   0   0   0   0   0   0   0   0   0   0   0   0   0   0   0   0   0   0   0   0   0   0 8363   0   0 5780   0   0 8740   0   0   0   0   0   0   0   0   0   0   0   0   0   0   0
  0   0   0   0   0 4281   0   0   0   0 1212   0   0   0   0   0   0   0 4991   0 2589   0   0   0   0   0   0   0 13357   0   0 1125   0   0   0   0   0   0   0   0   0   0   0   0   0 953   0   0   0   0   0   0   0 4033   0   0   0   0   0   0   0   0   0   0   0   0   0   0
  0   0   0   0   0   0   0   0   0   0 4447   0   0   0   0   0   0   0   0 1091   0 3068   0   0   0   0 8908   0   0   0   0   0   0   0   0   0   0   0   0   0   0   0   0   0   0   0   0   0   0   0   0   0   0   0   0   0   0   0   0   0   0   0 3404   0   0   0   0   0
  0   0   0   0   0   0   0   0   0   0   0   0   0   0   0   0   0   0   0   0 7399   0 4526 1595   0   0   0 5203 946   0   0   0   0   0   0   0   0   0   0   0   0   0   0   0   0   0   0   0   0   0   0   0   0   0   0   0   0   0   0   0   0   0   0   0   0   0   0 1210
6335   0   0   0   0   0   0   0   0   0   0   0 5966   0   0   0   0   0   0   0   0   0   0 3671   0   0   0   0   0 514   0   0   0   0   0   0   0   0   0   0   0   0   0   0   0   0 9279   0   0   0   0   0   0   0   0   0   0   0   0   0 9460   0   0   0   0   0   0   0
  0   0   0   0   0 8321   0   0   0   0   0   0   0   0   0   0   0   0   0   0   0 2706 2985   0 957   0   0   0   0   0 8359   0   0   0   0   0   0   0 5217   0   0   0   0   0   0   0   0   0   0   0   0   0   0   0   0   0   0   0   0   0   0   0   0 3043   0   0   0   0
  0   0   0   0   0   0   0   0   0   0   0   0   0   0 3468   0   0 769   0   0   0   0   0 744   0 5704   0   0   0   0   0 1956   0   0   0   0   0   0   0   0   0   0   0   0   0   0   0 10575   0   0   0   0   0   0   0   0   0   0   0   0   0   0   0   0   0   0   0   0
  0   0   0   0   0   0   0   0   0   0 1174   0   0   0   0 793   0   0   0   0   0   0   0   0 2085   0 5804   0   0   0   0   0   0   0   0   0   0   0   0   0   0 7856   0   0   0   0   0   0   0   0   0   0   0   0   0 3617   0   0   0   0   0   0   0   0   0   0   0   0
  0   0   0   0   0   0   0   0   0   0   0   0 14259   0   0   0   0   0   0   0 2696   0   0   0   0 5387   0 2106   0   0   0   0 6765   0   0   0   0   0   0   0   0 2274   0   0   0   0 4846 15471   0   0   0   0   0   0   0   0   0   0   0   0   0   0 3740   0   0   0   0   0
  0   0 5471   0   0   0   0   0   0   0   0 2798   0   0 660   0   0   0   0   0   0 284   0   0   0   0 1241   0 7813   0   0   0   0 1315   0   0   0   0   0   0 3411   0   0   0   0   0   0   0   0   0   0   0 386   0   0   0 780   0   0   0 3954   0   0   0   0   0   0   0
  0   0   0   0 2027   0   0   0   0   0 7985   0   0   0   0   0   0   0   0 3760   0 1567   0   0   0   0   0 2833   0 5414   0   0   0   0   0 10190   0   0   0   0   0 709   0   0   0   0   0   0   0   0   0   0 6332   0   0   0   0   0   0   0   0   0   0   0   0   0   0   0
  0   0   0 826   0   0   0   0   0 1483   0   0   0   0   0   0   0   0   0   0   0   0 1723   0   0   0   0   0 4775   0   0 2383   0   0   0   0   0   0   0   0   0 11307   0   0   0   0   0   0   0 2933   0   0   0   0   0 13927   0   0   0   0   0   0   0   0   0   0   0   0
  0   0   0   0   0 2675   0   0   0   0   0   0   0   0   0   0   0   0   0   0   0   0   0 5544   0   0   0   0   0   0   0   0   0   0   0   0   0 3400   0   0 3552   0 2804 4763   0   0   0   0   0   0   0   0   0   0   0 4092   0   0   0   0   0   0   0   0   0   0   0   0
  0   0   0   0   0   0   0   0   0   0   0   0   0   0   0   0   0   0   0 379   0   0   0   0 7065   0   0   0   0 3325   0   0 12363   0   0 5576   0 6802   0   0   0   0   0   0   0   0   0   0   0   0   0   0   0   0   0   0   0   0   0   0   0   0   0 2713   0   0   0   0
  0   0   0   0   0   0   0   0   0   0   0   0   0   0   0   0   0   0   0   0   0   0   0   0   0   0 8954   0   0   0   0 3861   0 10030   0   0   0   0   0   0   0   0   0   0   0   0   0   0   0   0   0   0   0   0 3979   0   0   0   0   0   0   0   0   0   0   0   0   0
  0   0   0   0   0   0   0   0   0   0   0   0   0   0   0   0   0   0   0   0   0   0   0   0   0   0   0 6164   0   0   0   0 8949   0 7858 7069   0   0   0   0   0   0   0   0   0   0   0 2084   0   0   0   0   0   0 3444   0   0 4339   0   0   0   0   0   0   0   0   0   0
  0   0   0   0   0   0   0   0   0   0 1708   0   0 1260   0   0   0   0   0   0   0   0   0   0   0   0   0   0   0   0   0   0   0 6126   0 4047   0   0   0   0   0   0   0   0   0   0   0   0   0   0   0   0   0   0 4400   0   0 14036 4505   0   0   0   0   0   0   0   0   0
  0   0   0   0   0   0   0   0   0   0   0   0   0   0   0 1745   0   0   0   0   0   0   0   0   0   0   0   0 4315   0   0 1037   0 10974 5642   0   0 6840   0   0   0   0   0   0   0   0   0   0   0   0   0   0   0   0   0   0   0 1020   0   0   0   0   0   0   0 8763   0   0
  0   0   0   0 3262   0   0   0   0   0 10153   0   0 1775   0 2758 3676   0   0   0   0   0   0   0   0   0   0   0   0   0   0   0   0   0   0   0   0   0   0   0   0   0   0   0   0   0   0   0   0   0 3003   0   0   0   0   0   0 2120   0   0   0   0   0 5012   0   0   0   0
  0   0   0   0   0   0   0   0   0   0   0   0   0   0   0   0   0   0   0   0   0   0   0   0   0   0   0   0   0   0 8665 3443   0   0   0 2562   0   0 11920   0   0   0   0   0 11112   0   0 1856   0   0   0   0   0   0   0 8707   0   0   0   0   0   0   0   0 2317   0   0   0
  0 6475   0   0 4570   0   0   0   0   0   0 1684   0   0   0   0   0   0   0   0   0   0   0 10638   0   0   0   0   0   0   0   0   0   0   0   0   0 7688   0 2601   0   0   0   0   0   0 4902   0   0   0   0 6000   0   0 13076   0   0   0   0   0   0   0   0 11981   0   0 5378   0
  0   0   0   0   0   0   0   0   0   0 3887   0   0   0   0   0   0   0   0   0   0   0   0   0   0   0   0   0   0   0   0   0   0   0   0   0   0   0 9987   0 625   0   0   0   0 10561   0   0   0   0   0   0   0   0   0   0   0   0   0   0   0   0   0   0   0   0 5777   0
  0   0 5522   0   0   0   0   0   0   0   0   0   0   0   0   0   0   0   0   0   0   0   0   0   0   0   0 5395   0   0 11808   0   0   0   0   0   0   0   0 605   0 3322   0   0 3086   0   0   0   0   0   0   0   0   0   0   0   0   0   0   0   0   0   0   0   0   0   0   0
  0   0   0   0   0   0   0   0   0   0   0   0   0   0   0   0   0   0   0   0   0   0   0   0   0 5597 848   0 2704 3528   0   0   0   0   0   0   0   0   0   0 1214   0 4954   0   0   0   0   0   0   0   0   0   0   0   0   0   0   0   0   0   0   0   0   0   0   0   0   0
  0   0   0 3345   0   0 1032 11433 2634   0   0   0   0 6811   0   0   0   0   0   0   0   0   0   0   0   0   0   0   0   0 2957   0   0   0   0   0   0   0   0   0   0 8277   0 9826   0   0 3281   0   0   0   0   0   0   0   0   0   0   0   0   0   0   0   0   0   0   0   0   0
  0   0   0   0 1954 10665   0   0   0 6141   0   0   0   0   0   0   0   0   0   0   0   0   0   0   0   0   0   0   0   0 14328   0   0   0   0   0   0   0   0   0   0   0 2908   0 5200 1668   0 4023   0 2474   0   0   0   0   0   0   0   0   0 8725   0   0   0   0   0   0   0   0
  0   0   0   0   0   0   0   0   0   0   0   0   0   0   0   0   0   0   0   0   0   0   0   0   0   0   0   0   0   0   0   0   0   0   0   0   0 7227   0   0 10554   0   0 10961   0 5978   0   0   0   0   0   0 10314   0   0   0   0   0   0   0   0   0 6818   0   0   0 5267   0
  0   0 4448   0   0   0   0   0   0   0 4615   0   0 4594   0   0   0   0   0 1002   0   0   0   0   0   0   0   0   0   0   0   0   0   0   0   0   0   0   0 7788   0   0   0 632 7869   0 9510   0   0   0   0   0   0   0   0   0   0 3247   0   0 2850 1232   0   0   0 2981   0   0
  0   0   0   0   0   0   0   0   0   0   0   0   0   0   0   0   0   0 4690   0   0   0 5623   0   0   0 2600   0   0   0   0   0   0   0   0   0   0   0 6493   0   0   0 12641   0   0 5165   0 11077   0   0   0   0   0 2968   0   0   0   0   0   0   0 9004   0   0   0   0   0   0
  0   0   0   0   0   0   0   0   0 7183   0   0   0   0 13176   0   0   0   0   0   0   0   0   0 9301   0 3989   0   0   0   0   0   0 6276   0   0   0 2800   0   0   0   0   0 4284   0   0 4523   0 6834   0   0   0   0   0   0   0   0   0   0   0   0   0   0   0   0   0   0   0
  0 12711 12095   0 6500   0   0   0   0 4109   0   0   0   0   0   0   0   0   0   0   0   0   0   0   0   0   0   0   0   0   0   0   0   0   0   0   0   0   0   0   0   0   0   0   0   0   0 8575   0   0   0 9286   0   0   0   0   0   0   0   0   0   0   0   0   0   0   0   0
  0   0   0   0   0   0   0   0   0   0   0   0   0   0   0   0   0   0 7872   0   0   0   0   0   0   0   0   0   0 10115   0   0   0   0   0   0   0   0   0   0   0   0   0 2226   0   0   0   0 9366   0 2014   0   0   0   0   0   0   0   0   0   0   0 2740   0   0   0   0 1713
  0   0   0   0 1216   0   0   0   0 4131   0   0   0   0   0   0   0 2185   0   0   0   0   0   0   0   0   0   0   0   0   0   0   0   0   0   0 7522   0   0   0   0   0   0   0   0   0   0   0   0 1468   0 10202   0   0   0   0   0   0   0   0   0   0   0   0   0   0 727   0
  0   0 4262   0   0   0   0   0   0   0   0   0   0   0   0   0 2480   0   0   0   0   0   0   0   0   0   0   0   0   0   0   0   0   0   0   0   0   0 9214   0   0   0   0   0   0   0   0   0 5921   0 3589   0 265   0 4470   0   0   0   0   0 1596   0   0   0   0   0   0   0
  0   0   0   0   0   0   0 7556   0   0   0 6798   0   0   0   0   0   0 5270   0   0   0   0   0   0   0   0 1560 1864   0   0   0   0   0   0   0   0   0   0   0   0   0   0   0 9145   0   0   0   0   0   0 1393   0 6720   0   0   0   0   0   0   0   0   0   0   0   0   0   0
  0   0   0   0 1040   0   0   0   0   0   0   0   0   0   0   0   0   0   0 1326   0   0   0   0   0   0   0   0   0   0   0   0   0   0   0   0   0   0   0   0   0   0   0   0   0   0 6106   0   0   0   0   0 2855   0 2783   0   0   0   0   0   0   0   0 6782   0   0   0   0
1242   0   0   0 6122   0   0   0   0   0   0   0   0   0   0   0 1636   0   0   0   0   0   0   0   0   0   0   0   0   0   0   0 14542 3432 3032   0   0   0 5493   0   0   0   0   0   0   0   0   0   0   0   0 7802   0 939   0 10889   0   0   0   0   0   0 4160   0   0   0 3946   0
  0   0   0   0   0   0   0   0   0   0   0   0   0   0   0   0   0   0   0   0   0   0   0   0   0 13572   0   0   0 4448 6256   0   0   0   0   0   0 8398   0   0   0   0   0   0   0   0   0   0   0   0   0   0   0   0 4147   0 11311   0   0   0   0   0   0   0   0   0   0   0
  0   0 2682   0   0   0   0   0   0   0   0   0   0   0   0   0   0   0   0   0   0   0   0   0   0   0   0 2277   0   0   0   0   0   0   0   0   0   0   0   0   0   0   0   0   0   0   0   0   0   0   0   0   0   0   0 3560   0 1177   0   0   0   0   0   0   0   0   0   0
  0   0   0   0   0   0   0 8093   0   0   0   0   0   0   0   0   0   0   0   0   0   0   0   0   0   0   0   0   0   0   0   0   0 12373 3020 382 7086   0   0   0   0   0   0   0   0 10074   0   0   0   0   0   0   0   0   0   0 1358   0 1534   0   0   0   0   0   0 10169   0   0
  0   0   0   0   0   0   0   0   0   0   0   0 5102   0   0   0   0   0   0   0   0   0   0   0   0   0   0   0   0   0   0   0   0   0 4565   0   0   0   0   0   0   0   0   0   0   0   0   0   0   0   0   0   0   0   0   0   0 759   0 7062   0   0   0   0   0   0   0   0
  0   0   0   0   0   0   0   0 2597   0   0   0   0   0   0   0   0   0   0   0   0   0   0   0   0   0   0   0   0   0   0   0   0   0   0   0   0   0   0   0   0   0   0 6148   0   0   0   0   0   0   0   0   0   0   0   0   0   0 4812   0 3080   0   0   0   0   0   0   0
  0 18276   0   0   0   0   0   0   0   0   0   0   0   0   0 2209   0   0   0   0   0   0 7169   0   0   0   0 9362   0   0   0   0   0   0   0   0   0   0   0   0   0   0   0   0   0 10461   0   0   0   0   0 4262   0   0   0   0   0   0   0 11348   0 7504   0   0   0   0   0   0
  0   0   0   0   0   0   0   0 6403   0   0   0   0   0   0 7534   0   0   0   0   0   0   0   0   0   0   0   0   0   0   0   0   0   0   0   0   0   0   0   0   0   0   0   0   0 4692 4686   0   0   0   0   0   0   0   0   0   0   0   0   0 8994   0 1969 1538   0 5267   0   0
  0   0   0   0   0   0   0   0   0   0   0   0   0   0   0   0   0   0   0   0 8674   0   0   0   0   0 8866   0   0   0   0   0   0   0   0   0   0   0   0   0   0   0   0   0 3339   0   0   0   0 14400   0   0   0   0 4459   0   0   0   0   0   0 5332   0 1008   0   0   0   0
  0   0   0   0   0   0   0   0   0 2040   0   0   0   0   0   0   0   0   0   0   0   0   0 3529   0   0   0   0   0   0   0 1329   0   0   0   0 12298   0 4204   0   0   0   0   0   0   0   0   0   0   0   0   0   0 2238   0   0   0   0   0   0   0 936 2281   0 4299   0   0   0
  0   0   0   0   0   0   0 9081   0   0   0   0   0   0   0   0   0   0   0   0   0   0   0   0   0   0   0   0   0   0   0   0   0   0   0   0   0 1791   0   0   0   0   0   0   0   0   0   0   0   0   0   0   0   0   0   0   0   0   0   0   0   0   0 4270   0 11096   0   0
  0   0   0   0   0   0   0 3984   0   0   0   0   0 4317   0   0   0   0   0   0   0   0   0   0   0   0   0   0   0   0   0   0   0   0   0 3699   0   0   0   0   0   0   0   0   0 15227   0   0   0   0   0   0   0   0   0   0   0 6876   0   0   0 2084   0   0 7860   0 12156   0
  0 5269   0   0   0   0   0   0   0   0   0 4523   0   0   0   0   0   0   0   0   0   0   0   0   0   0   0   0   0   0   0   0   0   0   0   0   0   0 2083 13739   0   0   0   0 7139   0   0   0   0   0 3638   0   0   0 2153   0   0   0   0   0   0   0   0   0   0 5152   0   0
  0   0 14272   0   0   0   0   0   0   0   0   0   0   0   0 5155   0   0   0   0   0 9806   0   0   0   0   0   0   0   0   0   0   0   0   0   0   0   0   0   0   0   0   0   0   0   0   0   0   0 6079   0   0   0   0   0   0   0   0   0   0 15109   0   0   0   0   0 3199   0

Fluxo inicial: 12909L
Fluxo adicional da fonte 0 ao sumidouro 67 encontrado: 24214L
Fluxo maximo total (fluxo inicial + adicional): 12909L + 24214L = 37123L
Tempo de execucao: 0.00151098 segundos
