Caso 21

Quantidade de vertices: 44
Quantidade de arestas: 156
Fonte: 0
Sumidouro: 43

Lista de Adjacencia:
  0: [(2, 2295), (3, 1650), (37, 8868), (38, 9649), (40, 8018)]
  1: [(7, 533), (8, 3112), (9, 4935), (15, 3213), (22, 6574), (31, 2826), (35, 9415), (37, 1026)]
  2: [(3, 7751), (31, 4194), (42, 2286)]
  3: [(4, 2484), (14, 6447), (25, 9011)]
  4: [(0, 2081), (8, 9691)]
  5: [(16, 787), (17, 2441), (32, 2734), (41, 8350)]
  6: []
  7: [(24, 4741), (38, 3115)]
  8: [(9, 1234), (29, 1548)]
  9: [(11, 8234), (14, 5697), (18, 2897), (22, 6666), (23, 1690), (36, 2940)]
  10: [(2, 6450), (34, 1416), (37, 1368), (42, 6413)]
  11: [(1, 1242), (14, 9904), (16, 8456), (22, 1837), (28, 9771)]
  12: [(20, 3640), (21, 9369)]
  13: [(16, 3697), (43, 4374)]
  14: [(33, 6512)]
  15: [(18, 539)]
  16: [(18, 6543)]
  17: [(24, 927), (28, 2456), (39, 3237)]
  18: [(20, 1535), (34, 2765), (42, 5135)]
  19: [(4, 8437), (23, 1987), (33, 985), (36, 1670)]
  20: [(3, 7940), (5, 1395), (7, 5090), (13, 9137), (17, 9049), (21, 4063), (34, 6857)]
  21: [(12, 8181), (22, 8563)]
  22: [(2, 3639), (15, 9234), (20, 3748), (24, 3117)]
  23: [(4, 8789), (16, 8465), (33, 8543), (36, 527), (37, 7348)]
  24: [(7, 2133), (25, 7153), (31, 9936), (39, 7241)]
  25: [(16, 9388), (26, 2076)]
  26: [(12, 5393), (16, 1996), (27, 4264), (40, 9852), (42, 2307)]
  27: [(16, 5861), (28, 9213)]
  28: [(15, 6207), (30, 9123), (40, 5240)]
  29: [(8, 3889), (13, 7175), (40, 942)]
  30: [(2, 2292), (12, 4736), (17, 9171), (32, 2418), (39, 8862)]
  31: [(0, 4529), (2, 6320), (6, 8962), (24, 3011), (38, 3423), (42, 9348)]
  32: [(0, 731), (2, 7471), (12, 8941), (15, 5162), (22, 3109), (33, 4449), (37, 1783)]
  33: [(22, 6324), (30, 3086), (31, 7773), (35, 3628)]
  34: [(21, 8009), (33, 9353), (38, 5284)]
  35: [(4, 8716), (8, 1846), (10, 4487), (27, 8614), (39, 1390)]
  36: [(30, 8659), (33, 5950)]
  37: [(10, 9300), (28, 8209), (40, 557)]
  38: [(19, 8780), (24, 7810), (25, 3255), (26, 593), (29, 677), (34, 8306)]
  39: [(40, 623)]
  40: [(5, 860), (12, 1581), (41, 2051)]
  41: [(13, 6911), (17, 9083), (43, 673)]
  42: [(0, 6652), (13, 2185), (21, 752), (26, 8312), (28, 6378)]
  43: [(1, 4359), (8, 9299), (20, 8410), (27, 8328), (38, 9497)]

Lista de Adjacencia com arestas reversas:
  0: [(2, 2295), (3, 1650), (37, 8868), (38, 9649), (40, 8018), (4, 0), (31, 0), (32, 0), (42, 0)]
  1: [(7, 533), (8, 3112), (9, 4935), (15, 3213), (22, 6574), (31, 2826), (35, 9415), (37, 1026), (11, 0), (43, 0)]
  2: [(0, 0), (3, 7751), (31, 4194), (42, 2286), (10, 0), (22, 0), (30, 0), (31, 0), (32, 0)]
  3: [(0, 0), (2, 0), (4, 2484), (14, 6447), (25, 9011), (20, 0)]
  4: [(3, 0), (0, 2081), (8, 9691), (19, 0), (23, 0), (35, 0)]
  5: [(16, 787), (17, 2441), (32, 2734), (41, 8350), (20, 0), (40, 0)]
  6: [(31, 0)]
  7: [(1, 0), (24, 4741), (38, 3115), (20, 0), (24, 0)]
  8: [(1, 0), (4, 0), (9, 1234), (29, 1548), (29, 0), (35, 0), (43, 0)]
  9: [(1, 0), (8, 0), (11, 8234), (14, 5697), (18, 2897), (22, 6666), (23, 1690), (36, 2940)]
  10: [(2, 6450), (34, 1416), (37, 1368), (42, 6413), (35, 0), (37, 0)]
  11: [(9, 0), (1, 1242), (14, 9904), (16, 8456), (22, 1837), (28, 9771)]
  12: [(20, 3640), (21, 9369), (21, 0), (26, 0), (30, 0), (32, 0), (40, 0)]
  13: [(16, 3697), (43, 4374), (20, 0), (29, 0), (41, 0), (42, 0)]
  14: [(3, 0), (9, 0), (11, 0), (33, 6512)]
  15: [(1, 0), (18, 539), (22, 0), (28, 0), (32, 0)]
  16: [(5, 0), (11, 0), (13, 0), (18, 6543), (23, 0), (25, 0), (26, 0), (27, 0)]
  17: [(5, 0), (24, 927), (28, 2456), (39, 3237), (20, 0), (30, 0), (41, 0)]
  18: [(9, 0), (15, 0), (16, 0), (20, 1535), (34, 2765), (42, 5135)]
  19: [(4, 8437), (23, 1987), (33, 985), (36, 1670), (38, 0)]
  20: [(12, 0), (18, 0), (3, 7940), (5, 1395), (7, 5090), (13, 9137), (17, 9049), (21, 4063), (34, 6857), (22, 0), (43, 0)]
  21: [(12, 0), (20, 0), (12, 8181), (22, 8563), (34, 0), (42, 0)]
  22: [(1, 0), (9, 0), (11, 0), (21, 0), (2, 3639), (15, 9234), (20, 3748), (24, 3117), (32, 0), (33, 0)]
  23: [(9, 0), (19, 0), (4, 8789), (16, 8465), (33, 8543), (36, 527), (37, 7348)]
  24: [(7, 0), (17, 0), (22, 0), (7, 2133), (25, 7153), (31, 9936), (39, 7241), (31, 0), (38, 0)]
  25: [(3, 0), (24, 0), (16, 9388), (26, 2076), (38, 0)]
  26: [(25, 0), (12, 5393), (16, 1996), (27, 4264), (40, 9852), (42, 2307), (38, 0), (42, 0)]
  27: [(26, 0), (16, 5861), (28, 9213), (35, 0), (43, 0)]
  28: [(11, 0), (17, 0), (27, 0), (15, 6207), (30, 9123), (40, 5240), (37, 0), (42, 0)]
  29: [(8, 0), (8, 3889), (13, 7175), (40, 942), (38, 0)]
  30: [(28, 0), (2, 2292), (12, 4736), (17, 9171), (32, 2418), (39, 8862), (33, 0), (36, 0)]
  31: [(1, 0), (2, 0), (24, 0), (0, 4529), (2, 6320), (6, 8962), (24, 3011), (38, 3423), (42, 9348), (33, 0)]
  32: [(5, 0), (30, 0), (0, 731), (2, 7471), (12, 8941), (15, 5162), (22, 3109), (33, 4449), (37, 1783)]
  33: [(14, 0), (19, 0), (23, 0), (32, 0), (22, 6324), (30, 3086), (31, 7773), (35, 3628), (34, 0), (36, 0)]
  34: [(10, 0), (18, 0), (20, 0), (21, 8009), (33, 9353), (38, 5284), (38, 0)]
  35: [(1, 0), (33, 0), (4, 8716), (8, 1846), (10, 4487), (27, 8614), (39, 1390)]
  36: [(9, 0), (19, 0), (23, 0), (30, 8659), (33, 5950)]
  37: [(0, 0), (1, 0), (10, 0), (23, 0), (32, 0), (10, 9300), (28, 8209), (40, 557)]
  38: [(0, 0), (7, 0), (31, 0), (34, 0), (19, 8780), (24, 7810), (25, 3255), (26, 593), (29, 677), (34, 8306), (43, 0)]
  39: [(17, 0), (24, 0), (30, 0), (35, 0), (40, 623)]
  40: [(0, 0), (26, 0), (28, 0), (29, 0), (37, 0), (39, 0), (5, 860), (12, 1581), (41, 2051)]
  41: [(5, 0), (40, 0), (13, 6911), (17, 9083), (43, 673)]
  42: [(2, 0), (10, 0), (18, 0), (26, 0), (31, 0), (0, 6652), (13, 2185), (21, 752), (26, 8312), (28, 6378)]
  43: [(13, 0), (41, 0), (1, 4359), (8, 9299), (20, 8410), (27, 8328), (38, 9497)]

Matriz de Capacidades Residuais inicial:
  0   0 493 534 581   0   0   0   0   0   0   0   0   0   0   0   0   0   0   0   0   0   0   0   0   0   0   0   0   0   0 2029 228   0   0   0   0 2255 2826   0 1237   0 1950   0
  0   0   0   0   0   0   0 310 886 2347   0 611   0   0   0 826   0   0   0   0   0   0 1395   0   0   0   0   0   0   0   0 826   0   0   0 6655   0 561   0   0   0   0   0 1215
1802   0   0 3041   0   0   0   0   0   0 4093   0   0   0   0   0   0   0   0   0   0   0 798   0   0   0   0   0   0   0 1718 5040 2932   0   0   0   0   0   0   0   0   0 657   0
1116   0 4710   0 1409   0   0   0   0   0   0   0   0   0 1615   0   0   0   0   0 2483   0   0   0   0 6380   0   0   0   0   0   0   0   0   0   0   0   0   0   0   0   0   0   0
1500   0   0 1075   0   0   0   0 4709   0   0   0   0   0   0   0   0   0   0 1932   0   0   0 2218   0   0   0   0   0   0   0   0   0   0   0 5449   0   0   0   0   0   0   0   0
  0   0   0   0   0   0   0   0   0   0   0   0   0   0   0   0 295 1716   0   0 462   0   0   0   0   0   0   0   0   0   0   0 1550   0   0   0   0   0   0   0 501 2232   0   0
  0   0   0   0   0   0   0   0   0   0   0   0   0   0   0   0   0   0   0   0   0   0   0   0   0   0   0   0   0   0   0 7230   0   0   0   0   0   0   0   0   0   0   0   0
  0 223   0   0   0   0   0   0   0   0   0   0   0   0   0   0   0   0   0   0 1244   0   0   0 1402   0   0   0   0   0   0   0   0   0   0   0   0   0 1363   0   0   0   0   0
  0 2226   0   0 4982   0   0   0   0 961   0   0   0   0   0   0   0   0   0   0   0   0   0   0   0   0   0   0   0 2698   0   0   0   0   0 840   0   0   0   0   0   0   0 4304
  0 2588   0   0   0   0   0   0 273   0   0 2139   0   0 1218   0   0   0 1446   0   0   0 1512 947   0   0   0   0   0   0   0   0   0   0   0   0 1789   0   0   0   0   0   0   0
  0   0 2357   0   0   0   0   0   0   0   0   0   0   0   0   0   0   0   0   0   0   0   0   0   0   0   0   0   0   0   0   0   0   0 1008 3316   0 4826   0   0   0   0 1975   0
  0 631   0   0   0   0   0   0   0 6095   0   0   0   0 5596   0 3168   0   0   0   0   0 281   0   0   0   0   0 7269   0   0   0   0   0   0   0   0   0   0   0   0   0   0   0
  0   0   0   0   0   0   0   0   0   0   0   0   0   0   0   0   0   0   0   0 1967 3174   0   0   0   0 3265   0   0   0 1301   0 3229   0   0   0   0   0   0   0 793   0   0   0
  0   0   0   0   0   0   0   0   0   0   0   0   0   0   0   0 1839   0   0   0 5411   0   0   0   0   0   0   0   0 5319   0   0   0   0   0   0   0   0   0   0   0 3301 808 1112
  0   0   0 4832   0   0   0   0   0 4479   0 4308   0   0   0   0   0   0   0   0   0   0   0   0   0   0   0   0   0   0   0   0   0 4878   0   0   0   0   0   0   0   0   0   0
  0 2387   0   0   0   0   0   0   0   0   0   0   0   0   0   0   0   0 369   0   0   0 5715   0   0   0   0   0 2112   0   0   0 1578   0   0   0   0   0   0   0   0   0   0   0
  0   0   0   0   0 492   0   0   0   0   0 5288   0 1858   0   0   0   0 4060   0   0   0   0 5257   0 3330 1373 2973   0   0   0   0   0   0   0   0   0   0   0   0   0   0   0   0
  0   0   0   0   0 725   0   0   0   0   0   0   0   0   0   0   0   0   0   0 4570   0   0   0 482   0   0   0 601   0 6768   0   0   0   0   0   0   0   0 1987   0 4845   0   0
  0   0   0   0   0   0   0   0   0 1451   0   0   0   0   0 170 2483   0   0   0 313   0   0   0   0   0   0   0   0   0   0   0   0   0 2103   0   0   0   0   0   0   0 1131   0
  0   0   0   0 6505   0   0   0   0   0   0   0   0   0   0   0   0   0   0   0   0   0   0 1582   0   0   0   0   0   0   0   0   0 557   0   0 386   0 3550   0   0   0   0   0
  0   0   0 5457   0 933   0 3846   0   0   0   0 1673 3726   0   0   0 4479 1222   0   0 1443 1371   0   0   0   0   0   0   0   0   0   0   0 1272   0   0   0   0   0   0   0   0 6289
  0   0   0   0   0   0   0   0   0   0   0   0 5007   0   0   0   0   0   0   0 2620   0 3274   0   0   0   0   0   0   0   0   0   0   0 3392   0   0   0   0   0   0   0 291   0
  0 5179 2841   0   0   0   0   0   0 5154   0 1556   0   0   0 3519   0   0   0   0 2377 5289   0   0 2241   0   0   0   0   0   0   0 1599 4438   0   0   0   0   0   0   0   0   0   0
  0   0   0   0 6571   0   0   0   0 743   0   0   0   0   0   0 3208   0   0 405   0   0   0   0   0   0   0   0   0   0   0   0   0 2368   0   0 342 3870   0   0   0   0   0   0
  0   0   0   0   0   0   0 731   0   0   0   0   0   0   0   0   0 445   0   0   0   0 876   0   0 3997   0   0   0   0   0 1606   0   0   0   0   0   0 4710 3255   0   0   0   0
  0   0   0 2631   0   0   0   0   0   0   0   0   0   0   0   0 6058   0   0   0   0   0   0   0 3156   0 1643   0   0   0   0   0   0   0   0   0   0   0 1269   0   0   0   0   0
  0   0   0   0   0   0   0   0   0   0   0   0 2128   0   0   0 623   0   0   0   0   0   0   0   0 433   0 2650   0   0   0   0   0   0   0   0   0   0 161   0 6122   0 1894   0
  0   0   0   0   0   0   0   0   0   0   0   0   0   0   0   0 2888   0   0   0   0   0   0   0   0   0 1614   0 2189   0   0   0   0   0   0 4790   0   0   0   0   0   0   0 5832
  0   0   0   0   0   0   0   0   0   0   0 2502   0   0   0 4095   0 1855   0   0   0   0   0   0   0   0   0 7024   0   0 4009   0   0   0   0   0   0 3055   0   0 1774   0 2694   0
  0   0   0   0   0   0   0   0 1191   0   0   0   0 1856   0   0   0   0   0   0   0   0   0   0   0   0   0   0   0   0   0   0   0   0   0   0   0   0 299   0 611   0   0   0
  0   0 574   0   0   0   0   0   0   0   0   0 3435   0   0   0   0 2403   0   0   0   0   0   0   0   0   0   0 5114   0   0   0 651 1193   0   0 4554   0   0 5522   0   0   0   0
2500 2000 1280   0   0   0 1732   0   0   0   0   0   0   0   0   0   0   0   0   0   0   0   0   0 1405   0   0   0   0   0   0   0   0 5185   0   0   0   0 2483   0   0   0 3797   0
503   0 4539   0   0 1184   0   0   0   0   0   0 5712   0   0 3584   0   0   0   0   0   0 1510   0   0   0   0   0   0   0 1767   0   0 1467   0   0   0 588   0   0   0   0   0   0
  0   0   0   0   0   0   0   0   0   0   0   0   0   0 1634   0   0   0   0 428   0   0 1886 6175   0   0   0   0   0   0 1893 2588 2982   0 7485 2671 2911   0   0   0   0   0   0   0
  0   0   0   0   0   0   0   0   0   0 408   0   0   0   0   0   0   0 662   0 5585 4617   0   0   0   0   0   0   0   0   0   0   0 1868   0   0   0   0 2729   0   0   0   0   0
  0 2760   0   0 3267   0   0   0 1006   0 1171   0   0   0   0   0   0   0   0   0   0   0   0   0   0   0   0 3824   0   0   0   0   0 957   0   0   0   0   0 431   0   0   0   0
  0   0   0   0   0   0   0   0   0 1151   0   0   0   0   0   0   0   0   0 1284   0   0   0 185   0   0   0   0   0   0 4105   0   0 3039   0   0   0   0   0   0   0   0   0   0
6613 465   0   0   0   0   0   0   0   0 4474   0   0   0   0   0   0   0   0   0   0   0   0 3478   0   0   0   0 5154   0   0   0 1195   0   0   0   0   0   0   0 288   0   0   0
6823   0   0   0   0   0   0 1752   0   0   0   0   0   0   0   0   0   0   0 5230   0   0   0   0 3100 1986 432   0   0 378   0 940   0   0 5577   0   0   0   0   0   0   0   0 3475
  0   0   0   0   0   0   0   0   0   0   0   0   0   0   0   0   0 1250   0   0   0   0   0   0 3986   0   0   0   0   0 3340   0   0   0   0 959   0   0   0   0 309   0   0   0
6781   0   0   0   0 359   0   0   0   0   0   0 788   0   0   0   0   0   0   0   0   0   0   0   0   0 3730   0 3466 331   0   0   0   0   0   0   0 269   0 314   0 1251   0   0
  0   0   0   0   0 6118   0   0   0   0   0   0   0 3610   0   0   0 4238   0   0   0   0   0   0   0   0   0   0   0   0   0   0   0   0   0   0   0   0   0   0 800   0   0 473
4702   0 1629   0   0   0   0   0   0   0 4438   0   0 1377   0   0   0   0 4004   0   0 461   0   0   0   0 6418   0 3684   0   0 5551   0   0   0   0   0   0   0   0   0   0   0   0
  0 3144   0   0   0   0   0   0 4995   0   0   0   0 3262   0   0   0   0   0   0 2121   0   0   0   0   0   0 2496   0   0   0   0   0   0   0   0   0   0 6022   0   0 200   0   0

Matriz de Capacidades Residuais final:
  0   0   0   0   0   0   0   0   0   0   0   0   0   0   0   0   0   0   0   0   0   0   0   0   0   0   0   0   0   0   0   0   0   0   0   0   0   0   0   0   0   0   0   0
  0   0   0   0   0   0   0 310 256 2347   0 611   0   0   0 826   0   0   0   0   0   0 1395   0   0   0   0   0   0   0   0 2206   0   0   0 6655   0 1026   0   0   0   0   0   0
2295   0   0 2548   0   0   0   0   0   0 4093   0   0   0   0   0   0   0   0   0   0   0 798   0   0   0   0   0   0   0 1718 5040 2932   0   0   0   0   0   0   0   0   0 657   0
1650   0 5203   0 1409   0   0   0   0   0   0   0   0   0 1615   0   0   0   0   0 1456   0   0   0   0 6380   0   0   0   0   0   0   0   0   0   0   0   0   0   0   0   0   0   0
2081   0   0 1075   0   0   0   0 4128   0   0   0   0   0   0   0   0   0   0 1932   0   0   0 2218   0   0   0   0   0   0   0   0   0   0   0 5449   0   0   0   0   0   0   0   0
  0   0   0   0   0   0   0   0   0   0   0   0   0   0   0   0 295 1716   0   0 234   0   0   0   0   0   0   0   0   0   0   0 1778   0   0   0   0   0   0   0 501 2232   0   0
  0   0   0   0   0   0   0   0   0   0   0   0   0   0   0   0   0   0   0   0   0   0   0   0   0   0   0   0   0   0   0 7230   0   0   0   0   0   0   0   0   0   0   0   0
  0 223   0   0   0   0   0   0   0   0   0   0   0   0   0   0   0   0   0   0 1244   0   0   0 1402   0   0   0   0   0   0   0   0   0   0   0   0   0 1363   0   0   0   0   0
  0 2856   0   0 5563   0   0   0   0 961   0   0   0   0   0   0   0   0   0   0   0   0   0   0   0   0   0   0   0 2698   0   0   0   0   0 840   0   0   0   0   0   0   0 3093
  0 2588   0   0   0   0   0   0 273   0   0 2139   0   0 1218   0   0   0 1446   0   0   0 1512 947   0   0   0   0   0   0   0   0   0   0   0   0 1789   0   0   0   0   0   0   0
  0   0 2357   0   0   0   0   0   0   0   0   0   0   0   0   0   0   0   0   0   0   0   0   0   0   0   0   0   0   0   0   0   0   0 1008 3316   0 4826   0   0   0   0 1975   0
  0 631   0   0   0   0   0   0   0 6095   0   0   0   0 5596   0 3168   0   0   0   0   0 281   0   0   0   0   0 7269   0   0   0   0   0   0   0   0   0   0   0   0   0   0   0
  0   0   0   0   0   0   0   0   0   0   0   0   0   0   0   0   0   0   0   0 1967 3174   0   0   0   0 3265   0   0   0 1301   0 3229   0   0   0   0   0   0   0 793   0   0   0
  0   0   0   0   0   0   0   0   0   0   0   0   0   0   0   0 1839   0   0   0 5411   0   0   0   0   0   0   0   0 5319   0   0   0   0   0   0   0   0   0   0   0 3301 1920   0
  0   0   0 4832   0   0   0   0   0 4479   0 4308   0   0   0   0   0   0   0   0   0   0   0   0   0   0   0   0   0   0   0   0   0 4878   0   0   0   0   0   0   0   0   0   0
  0 2387   0   0   0   0   0   0   0   0   0   0   0   0   0   0   0   0 369   0   0   0 5715   0   0   0   0   0 2112   0   0   0 1578   0   0   0   0   0   0   0   0   0   0   0
  0   0   0   0   0 492   0   0   0   0   0 5288   0 1858   0   0   0   0 4060   0   0   0   0 5257   0 3330 1373 2973   0   0   0   0   0   0   0   0   0   0   0   0   0   0   0   0
  0   0   0   0   0 725   0   0   0   0   0   0   0   0   0   0   0   0   0   0 4570   0   0   0 482   0   0   0 601   0 6768   0   0   0   0   0   0   0   0 1987   0 4845   0   0
  0   0   0   0   0   0   0   0   0 1451   0   0   0   0   0 170 2483   0   0   0   0   0   0   0   0   0   0   0   0   0   0   0   0   0 2103   0   0   0   0   0   0   0 1444   0
  0   0   0   0 6505   0   0   0   0   0   0   0   0   0   0   0   0   0   0   0   0   0   0 1582   0   0   0   0   0   0   0   0   0 557   0   0 386   0 3550   0   0   0   0   0
  0   0   0 6484   0 1161   0 3846   0   0   0   0 1673 3726   0   0   0 4479 1535   0   0 1443 1371   0   0   0   0   0   0   0   0   0   0   0 1272   0   0   0   0   0   0   0   0 4721
  0   0   0   0   0   0   0   0   0   0   0   0 5007   0   0   0   0   0   0   0 2620   0 3274   0   0   0   0   0   0   0   0   0   0   0 3392   0   0   0   0   0   0   0 291   0
  0 5179 2841   0   0   0   0   0   0 5154   0 1556   0   0   0 3519   0   0   0   0 2377 5289   0   0 2241   0   0   0   0   0   0   0 1599 4438   0   0   0   0   0   0   0   0   0   0
  0   0   0   0 6571   0   0   0   0 743   0   0   0   0   0   0 3208   0   0 405   0   0   0   0   0   0   0   0   0   0   0   0   0 2368   0   0 342 3870   0   0   0   0   0   0
  0   0   0   0   0   0   0 731   0   0   0   0   0   0   0   0   0 445   0   0   0   0 876   0   0 3997   0   0   0   0   0 1606   0   0   0   0   0   0 4710 3255   0   0   0   0
  0   0   0 2631   0   0   0   0   0   0   0   0   0   0   0   0 6058   0   0   0   0   0   0   0 3156   0 1643   0   0   0   0   0   0   0   0   0   0   0 1269   0   0   0   0   0
  0   0   0   0   0   0   0   0   0   0   0   0 2128   0   0   0 623   0   0   0   0   0   0   0   0 433   0 1361   0   0   0   0   0   0   0   0   0   0 161   0 6886   0 2419   0
  0   0   0   0   0   0   0   0   0   0   0   0   0   0   0   0 2888   0   0   0   0   0   0   0   0   0 2903   0 3979   0   0   0   0   0   0 4790   0   0   0   0   0   0   0 2753
  0   0   0   0   0   0   0   0   0   0   0 2502   0   0   0 4095   0 1855   0   0   0   0   0   0   0   0   0 5234   0   0 4009   0   0   0   0   0   0 4845   0   0 1774   0 2694   0
  0   0   0   0   0   0   0   0 1191   0   0   0   0 1856   0   0   0   0   0   0   0   0   0   0   0   0   0   0   0   0   0   0   0   0   0   0   0   0 299   0 611   0   0   0
  0   0 574   0   0   0   0   0   0   0   0   0 3435   0   0   0   0 2403   0   0   0   0   0   0   0   0   0   0 5114   0   0   0 651 1193   0   0 4554   0   0 5522   0   0   0   0
4529 620 1280   0   0   0 1732   0   0   0   0   0   0   0   0   0   0   0   0   0   0   0   0   0 1405   0   0   0   0   0   0   0   0 5185   0   0   0   0 1834   0   0   0 3797   0
731   0 4539   0   0 956   0   0   0   0   0   0 5712   0   0 3584   0   0   0   0   0   0 1510   0   0   0   0   0   0   0 1767   0   0 1467   0   0   0 588   0   0   0   0   0   0
  0   0   0   0   0   0   0   0   0   0   0   0   0   0 1634   0   0   0   0 428   0   0 1886 6175   0   0   0   0   0   0 1893 2588 2982   0 7485 2671 2911   0   0   0   0   0   0   0
  0   0   0   0   0   0   0   0   0   0 408   0   0   0   0   0   0   0 662   0 5585 4617   0   0   0   0   0   0   0   0   0   0   0 1868   0   0   0   0 2729   0   0   0   0   0
  0 2760   0   0 3267   0   0   0 1006   0 1171   0   0   0   0   0   0   0   0   0   0   0   0   0   0   0   0 3824   0   0   0   0   0 957   0   0   0   0   0 431   0   0   0   0
  0   0   0   0   0   0   0   0   0 1151   0   0   0   0   0   0   0   0   0 1284   0   0   0 185   0   0   0   0   0   0 4105   0   0 3039   0   0   0   0   0   0   0   0   0   0
8868   0   0   0   0   0   0   0   0   0 4474   0   0   0   0   0   0   0   0   0   0   0   0 3478   0   0   0   0 3364   0   0   0 1195   0   0   0   0   0   0   0 288   0   0   0
9649   0   0   0   0   0   0 1752   0   0   0   0   0   0   0   0   0   0   0 5230   0   0   0   0 3100 1986 432   0   0 378   0 1589   0   0 5577   0   0   0   0   0   0   0   0   0
  0   0   0   0   0   0   0   0   0   0   0   0   0   0   0   0   0 1250   0   0   0   0   0   0 3986   0   0   0   0   0 3340   0   0   0   0 959   0   0   0   0 309   0   0   0
8018   0   0   0   0 359   0   0   0   0   0   0 788   0   0   0   0   0   0   0   0   0   0   0   0   0 2966   0 3466 331   0   0   0   0   0   0   0 269   0 314   0 778   0   0
  0   0   0   0   0 6118   0   0   0   0   0   0   0 3610   0   0   0 4238   0   0   0   0   0   0   0   0   0   0   0   0   0   0   0   0   0   0   0   0   0   0 1273   0   0   0
6652   0 1629   0   0   0   0   0   0   0 4438   0   0 265   0   0   0   0 3691   0   0 461   0   0   0   0 5893   0 3684   0   0 5551   0   0   0   0   0   0   0   0   0   0   0   0
  0 4359   0   0   0   0   0   0 6206   0   0   0   0 4374   0   0   0   0   0   0 3689   0   0   0   0   0   0 5575   0   0   0   0   0   0   0   0   0   0 9497   0   0 673   0   0

Fluxo inicial: 32340L
Fluxo adicional da fonte 0 ao sumidouro 43 encontrado: 12133L
Fluxo maximo total (fluxo inicial + adicional): 32340L + 12133L = 44473L
Tempo de execucao: 0.00119009 segundos
