Caso 9

Quantidade de vertices: 31
Quantidade de arestas: 144
Fonte: 0
Sumidouro: 30

Lista de Adjacencia:
  0: [(5, 1195), (12, 602), (22, 4192)]
  1: [(5, 3698), (7, 5176), (16, 5440), (25, 3209)]
  2: [(4, 4875), (10, 758), (17, 7665), (22, 1827), (27, 3195)]
  3: [(0, 4930), (1, 2070), (2, 4639), (9, 7808), (10, 3385), (12, 7709), (23, 2060), (25, 1526)]
  4: [(2, 2503), (7, 2404), (12, 7306), (18, 1918), (24, 3740)]
  5: [(1, 4543), (3, 2410), (4, 4825), (14, 5970), (21, 6852)]
  6: [(1, 216), (12, 2539), (17, 5819), (22, 217), (25, 5581)]
  7: [(2, 6451), (4, 3371), (10, 5006), (12, 4004), (15, 3307), (20, 621)]
  8: [(1, 7322), (3, 4991), (5, 3698), (6, 6223), (11, 1205), (15, 4877), (19, 459)]
  9: [(2, 4647), (3, 2517), (7, 3632), (10, 3270), (13, 469), (17, 5218)]
  10: [(3, 2838), (9, 5831), (13, 7815), (16, 3855), (20, 3804), (21, 2174)]
  11: [(3, 3180), (10, 7714), (13, 2555), (17, 6271), (20, 484), (21, 4403), (25, 3154)]
  12: [(4, 407), (7, 3574), (8, 3695), (21, 1699)]
  13: [(7, 7480), (10, 5649), (11, 5013), (14, 779), (19, 6187)]
  14: [(0, 4403), (2, 4478), (8, 1630), (11, 3280), (13, 4296), (15, 4578), (23, 1774)]
  15: [(4, 398), (9, 1716), (11, 4983), (16, 270), (20, 7421)]
  16: [(11, 506), (21, 6351), (23, 4872), (25, 2378)]
  17: [(8, 7291), (12, 5903), (21, 6813)]
  18: [(5, 6289), (26, 448)]
  19: [(0, 6901), (2, 5464), (28, 5849)]
  20: [(3, 1358), (6, 7701), (9, 5720), (18, 4565), (23, 1582), (29, 5556)]
  21: [(4, 4009), (11, 4976), (13, 6599), (27, 6554)]
  22: [(5, 2028), (8, 7918), (9, 4031), (17, 583)]
  23: [(2, 7954), (4, 5217), (5, 572), (14, 3004), (17, 3704), (20, 4220)]
  24: [(3, 6745), (13, 2552), (16, 5801), (23, 4811), (26, 2342)]
  25: [(1, 2043), (3, 2419), (14, 4519), (18, 3816)]
  26: [(2, 5313), (5, 4489), (13, 591), (19, 631)]
  27: [(6, 6841), (8, 6848), (10, 5991), (12, 559)]
  28: [(1, 7687), (2, 2818), (5, 4501), (7, 3532), (20, 252)]
  29: [(2, 4858), (5, 4070)]
  30: []

Lista de Adjacencia com arestas reversas:
  0: [(5, 1195), (12, 602), (22, 4192), (3, 0), (14, 0), (19, 0)]
  1: [(5, 3698), (7, 5176), (16, 5440), (25, 3209), (3, 0), (5, 0), (6, 0), (8, 0), (25, 0), (28, 0)]
  2: [(4, 4875), (10, 758), (17, 7665), (22, 1827), (27, 3195), (3, 0), (4, 0), (7, 0), (9, 0), (14, 0), (19, 0), (23, 0), (26, 0), (28, 0), (29, 0)]
  3: [(0, 4930), (1, 2070), (2, 4639), (9, 7808), (10, 3385), (12, 7709), (23, 2060), (25, 1526), (5, 0), (8, 0), (9, 0), (10, 0), (11, 0), (20, 0), (24, 0), (25, 0)]
  4: [(2, 0), (2, 2503), (7, 2404), (12, 7306), (18, 1918), (24, 3740), (5, 0), (7, 0), (12, 0), (15, 0), (21, 0), (23, 0)]
  5: [(0, 0), (1, 0), (1, 4543), (3, 2410), (4, 4825), (14, 5970), (21, 6852), (8, 0), (18, 0), (22, 0), (23, 0), (26, 0), (28, 0), (29, 0)]
  6: [(1, 216), (12, 2539), (17, 5819), (22, 217), (25, 5581), (8, 0), (20, 0), (27, 0)]
  7: [(1, 0), (4, 0), (2, 6451), (4, 3371), (10, 5006), (12, 4004), (15, 3307), (20, 621), (9, 0), (12, 0), (13, 0), (28, 0)]
  8: [(1, 7322), (3, 4991), (5, 3698), (6, 6223), (11, 1205), (15, 4877), (19, 459), (12, 0), (14, 0), (17, 0), (22, 0), (27, 0)]
  9: [(3, 0), (2, 4647), (3, 2517), (7, 3632), (10, 3270), (13, 469), (17, 5218), (10, 0), (15, 0), (20, 0), (22, 0)]
  10: [(2, 0), (3, 0), (7, 0), (9, 0), (3, 2838), (9, 5831), (13, 7815), (16, 3855), (20, 3804), (21, 2174), (11, 0), (13, 0), (27, 0)]
  11: [(8, 0), (3, 3180), (10, 7714), (13, 2555), (17, 6271), (20, 484), (21, 4403), (25, 3154), (13, 0), (14, 0), (15, 0), (16, 0), (21, 0)]
  12: [(0, 0), (3, 0), (4, 0), (6, 0), (7, 0), (4, 407), (7, 3574), (8, 3695), (21, 1699), (17, 0), (27, 0)]
  13: [(9, 0), (10, 0), (11, 0), (7, 7480), (10, 5649), (11, 5013), (14, 779), (19, 6187), (14, 0), (21, 0), (24, 0), (26, 0)]
  14: [(5, 0), (13, 0), (0, 4403), (2, 4478), (8, 1630), (11, 3280), (13, 4296), (15, 4578), (23, 1774), (23, 0), (25, 0)]
  15: [(7, 0), (8, 0), (14, 0), (4, 398), (9, 1716), (11, 4983), (16, 270), (20, 7421)]
  16: [(1, 0), (10, 0), (15, 0), (11, 506), (21, 6351), (23, 4872), (25, 2378), (24, 0)]
  17: [(2, 0), (6, 0), (9, 0), (11, 0), (8, 7291), (12, 5903), (21, 6813), (22, 0), (23, 0)]
  18: [(4, 0), (5, 6289), (26, 448), (20, 0), (25, 0)]
  19: [(8, 0), (13, 0), (0, 6901), (2, 5464), (28, 5849), (26, 0)]
  20: [(7, 0), (10, 0), (11, 0), (15, 0), (3, 1358), (6, 7701), (9, 5720), (18, 4565), (23, 1582), (29, 5556), (23, 0), (28, 0)]
  21: [(5, 0), (10, 0), (11, 0), (12, 0), (16, 0), (17, 0), (4, 4009), (11, 4976), (13, 6599), (27, 6554)]
  22: [(0, 0), (2, 0), (6, 0), (5, 2028), (8, 7918), (9, 4031), (17, 583)]
  23: [(3, 0), (14, 0), (16, 0), (20, 0), (2, 7954), (4, 5217), (5, 572), (14, 3004), (17, 3704), (20, 4220), (24, 0)]
  24: [(4, 0), (3, 6745), (13, 2552), (16, 5801), (23, 4811), (26, 2342)]
  25: [(1, 0), (3, 0), (6, 0), (11, 0), (16, 0), (1, 2043), (3, 2419), (14, 4519), (18, 3816)]
  26: [(18, 0), (24, 0), (2, 5313), (5, 4489), (13, 591), (19, 631)]
  27: [(2, 0), (21, 0), (6, 6841), (8, 6848), (10, 5991), (12, 559)]
  28: [(19, 0), (1, 7687), (2, 2818), (5, 4501), (7, 3532), (20, 252)]
  29: [(20, 0), (2, 4858), (5, 4070)]
  30: []

Matriz de Capacidades Residuais inicial:
  0   0   0 2480   0 277   0   0   0   0   0   0  71   0 2685   0   0   0   0 3290   0   0 2745   0   0   0   0   0   0   0   0
  0   0   0 1709   0 2772 128 1205 4667   0   0   0   0   0   0   0 3149   0   0   0   0   0   0   0   0 831   0   0 4007   0   0
  0   0   0 4172 1478   0   0 4656   0 1133 541   0   0   0 3009   0   0 2880   0 2506   0   0 885 6997   0   0 1494 790 1782 2668   0
2450 361 467   0   0 1177   0   0 3505 997 2235 2364 2434   0   0   0   0   0   0   0 641   0   0 599 2341 1464   0   0   0   0   0
  0   0 1025   0   0 1740   0 1835   0   0   0   0 335   0   0 221   0   0 1069   0   0 1554   0 3848 1191   0   0   0   0   0   0
918 1771   0 1233 3085   0   0   0 2598   0   0   0   0   0 1852   0   0   0 1572   0   0 1939 852 269   0   0 3982   0 3266 1784   0
  0  88   0   0   0   0   0   0 3016   0   0   0 363   0   0   0   0 4177   0   0 4452   0 103   0   0 1138   0 3852   0   0   0
  0 3971 1795   0 1536   0   0   0   0 2333 3763   0 1530 3484   0 1300   0   0   0   0  75   0   0   0   0   0   0   0 2919   0   0
  0 2655   0 1486   0 1100 3207   0   0   0   0 876 1891   0 1378 918   0 5818   0 167   0   0 3215   0   0   0   0 1813   0   0   0
  0   0 3514 1520   0   0   0 1299   0   0 2925   0   0 358   0 575   0 1556   0   0 2275   0 2289   0   0   0   0   0   0   0   0
  0   0 217 603   0   0   0 1243   0 2906   0 1821   0 4679   0   0 529   0   0   0 939 596   0   0   0   0   0 3033   0   0   0
  0   0   0 816   0   0   0   0 329   0 5893   0   0 4296 1629 4001 270 4096   0   0 332 4390   0   0   0 1830   0   0   0   0   0
531   0   0 5275  72   0 2176 2044 1804   0   0   0   0   0   0   0   0 4403   0   0   0 415   0   0   0   0   0 389   0   0   0
  0   0   0   0   0   0   0 3996   0 111 970 717   0   0 1569   0   0   0   0 1849   0 4376   0   0 1420   0 430   0   0   0   0
1718   0 1469   0   0 4118   0   0 252   0   0 1651   0 2727   0 1692   0   0   0   0   0   0   0 2243   0 2309   0   0   0   0   0
  0   0   0   0 177   0   0 2007 3959 1141   0 982   0   0 2886   0  64   0   0   0 1398   0   0   0   0   0   0   0   0   0   0
  0 2291   0   0   0   0   0   0   0   0 3326 236   0   0   0 206   0   0   0   0   0 1696   0 2238 1618 1094   0   0   0   0   0
  0   0 4785   0   0   0 1642   0 1473 3662   0 2175 1500   0   0   0   0   0   0   0   0 1380 379 2506   0   0   0   0   0   0   0
  0   0   0   0 849 4717   0   0   0   0   0   0   0   0   0   0   0   0   0   0 3915   0   0   0   0 2315  97   0   0   0   0
3611   0 2958   0   0   0   0   0 292   0   0   0   0 4338   0   0   0   0   0   0   0   0   0   0   0   0 385   0 3811   0   0
  0   0   0 717   0   0 3249 546   0 3445 2865 152   0   0   0 6023   0   0 650   0   0   0   0 3617   0   0   0   0 181 2377   0
  0   0   0   0 2455 4913   0   0   0   0 1578 586 1284 2223   0   0 4655 5433   0   0   0   0   0   0   0   0   0 4691   0   0   0
1447   0 942   0   0 1176 114   0 4703 1742   0   0   0   0   0   0   0 204   0   0   0   0   0   0   0   0   0   0   0   0   0
  0   0 957 1461 1369 303   0   0   0   0   0   0   0   0 761   0 2634 1198   0   0 603   0   0   0 1184   0   0   0   0   0   0
  0   0   0 4404 2549   0   0   0   0   0   0   0   0 1132   0   0 4183   0   0   0   0   0   0 3627   0   0 686   0   0   0   0
  0 1212   0 955   0   0 4443   0   0   0   0 1324   0   0 2210   0 1284   0 1501   0   0   0   0   0   0   0   0   0   0   0   0
  0   0 3819   0   0 507   0   0   0   0   0   0   0 161   0   0   0   0 351 246   0   0   0   0 1656   0   0   0   0   0   0
  0   0 2405   0   0   0 2989   0 5035   0 2958   0 170   0   0   0   0   0   0   0   0 1863   0   0   0   0   0   0   0   0   0
  0 3680 1036   0   0 1235   0 613   0   0   0   0   0   0   0   0   0   0   0 2038  71   0   0   0   0   0   0   0   0   0   0
  0   0 2190   0   0 2286   0   0   0   0   0   0   0   0   0   0   0   0   0   0 3179   0   0   0   0   0   0   0   0   0   0
  0   0   0   0   0   0   0   0   0   0   0   0   0   0   0   0   0   0   0   0   0   0   0   0   0   0   0   0   0   0   0

Matriz de Capacidades Residuais final:
  0   0   0 2480   0 277   0   0   0   0   0   0  71   0 2685   0   0   0   0 3290   0   0 2745   0   0   0   0   0   0   0   0
  0   0   0 1709   0 2772 128 1205 4667   0   0   0   0   0   0   0 3149   0   0   0   0   0   0   0   0 831   0   0 4007   0   0
  0   0   0 4172 1478   0   0 4656   0 1133 541   0   0   0 3009   0   0 2880   0 2506   0   0 885 6997   0   0 1494 790 1782 2668   0
2450 361 467   0   0 1177   0   0 3505 997 2235 2364 2434   0   0   0   0   0   0   0 641   0   0 599 2341 1464   0   0   0   0   0
  0   0 1025   0   0 1740   0 1835   0   0   0   0 335   0   0 221   0   0 1069   0   0 1554   0 3848 1191   0   0   0   0   0   0
918 1771   0 1233 3085   0   0   0 2598   0   0   0   0   0 1852   0   0   0 1572   0   0 1939 852 269   0   0 3982   0 3266 1784   0
  0  88   0   0   0   0   0   0 3016   0   0   0 363   0   0   0   0 4177   0   0 4452   0 103   0   0 1138   0 3852   0   0   0
  0 3971 1795   0 1536   0   0   0   0 2333 3763   0 1530 3484   0 1300   0   0   0   0  75   0   0   0   0   0   0   0 2919   0   0
  0 2655   0 1486   0 1100 3207   0   0   0   0 876 1891   0 1378 918   0 5818   0 167   0   0 3215   0   0   0   0 1813   0   0   0
  0   0 3514 1520   0   0   0 1299   0   0 2925   0   0 358   0 575   0 1556   0   0 2275   0 2289   0   0   0   0   0   0   0   0
  0   0 217 603   0   0   0 1243   0 2906   0 1821   0 4679   0   0 529   0   0   0 939 596   0   0   0   0   0 3033   0   0   0
  0   0   0 816   0   0   0   0 329   0 5893   0   0 4296 1629 4001 270 4096   0   0 332 4390   0   0   0 1830   0   0   0   0   0
531   0   0 5275  72   0 2176 2044 1804   0   0   0   0   0   0   0   0 4403   0   0   0 415   0   0   0   0   0 389   0   0   0
  0   0   0   0   0   0   0 3996   0 111 970 717   0   0 1569   0   0   0   0 1849   0 4376   0   0 1420   0 430   0   0   0   0
1718   0 1469   0   0 4118   0   0 252   0   0 1651   0 2727   0 1692   0   0   0   0   0   0   0 2243   0 2309   0   0   0   0   0
  0   0   0   0 177   0   0 2007 3959 1141   0 982   0   0 2886   0  64   0   0   0 1398   0   0   0   0   0   0   0   0   0   0
  0 2291   0   0   0   0   0   0   0   0 3326 236   0   0   0 206   0   0   0   0   0 1696   0 2238 1618 1094   0   0   0   0   0
  0   0 4785   0   0   0 1642   0 1473 3662   0 2175 1500   0   0   0   0   0   0   0   0 1380 379 2506   0   0   0   0   0   0   0
  0   0   0   0 849 4717   0   0   0   0   0   0   0   0   0   0   0   0   0   0 3915   0   0   0   0 2315  97   0   0   0   0
3611   0 2958   0   0   0   0   0 292   0   0   0   0 4338   0   0   0   0   0   0   0   0   0   0   0   0 385   0 3811   0   0
  0   0   0 717   0   0 3249 546   0 3445 2865 152   0   0   0 6023   0   0 650   0   0   0   0 3617   0   0   0   0 181 2377   0
  0   0   0   0 2455 4913   0   0   0   0 1578 586 1284 2223   0   0 4655 5433   0   0   0   0   0   0   0   0   0 4691   0   0   0
1447   0 942   0   0 1176 114   0 4703 1742   0   0   0   0   0   0   0 204   0   0   0   0   0   0   0   0   0   0   0   0   0
  0   0 957 1461 1369 303   0   0   0   0   0   0   0   0 761   0 2634 1198   0   0 603   0   0   0 1184   0   0   0   0   0   0
  0   0   0 4404 2549   0   0   0   0   0   0   0   0 1132   0   0 4183   0   0   0   0   0   0 3627   0   0 686   0   0   0   0
  0 1212   0 955   0   0 4443   0   0   0   0 1324   0   0 2210   0 1284   0 1501   0   0   0   0   0   0   0   0   0   0   0   0
  0   0 3819   0   0 507   0   0   0   0   0   0   0 161   0   0   0   0 351 246   0   0   0   0 1656   0   0   0   0   0   0
  0   0 2405   0   0   0 2989   0 5035   0 2958   0 170   0   0   0   0   0   0   0   0 1863   0   0   0   0   0   0   0   0   0
  0 3680 1036   0   0 1235   0 613   0   0   0   0   0   0   0   0   0   0   0 2038  71   0   0   0   0   0   0   0   0   0   0
  0   0 2190   0   0 2286   0   0   0   0   0   0   0   0   0   0   0   0   0   0 3179   0   0   0   0   0   0   0   0   0   0
  0   0   0   0   0   0   0   0   0   0   0   0   0   0   0   0   0   0   0   0   0   0   0   0   0   0   0   0   0   0   0

Fluxo inicial: 10675L

Nao foram encontrados caminhos de aumento da fonte 0 ao sumidouro 30
Tempo de execucao: 0.00010543 segundos
