Caso 10

Quantidade de vertices: 22
Quantidade de arestas: 69
Fonte: 0
Sumidouro: 21

Lista de Adjacencia:
  0: [(1, 137), (15, 2967)]
  1: [(2, 578), (3, 4323), (11, 2158), (20, 2678)]
  2: [(5, 4972), (17, 4614)]
  3: [(0, 2697), (5, 4447), (21, 2316)]
  4: [(0, 2929), (2, 3156), (11, 1601), (12, 182), (17, 4891), (19, 2238)]
  5: [(3, 414), (6, 4545), (8, 3728), (12, 2668), (15, 2924)]
  6: [(7, 232), (16, 4942), (18, 202), (21, 4760)]
  7: [(2, 3271), (8, 262), (9, 648), (19, 3227)]
  8: [(2, 4107), (5, 1983)]
  9: [(3, 1250), (10, 4008)]
  10: [(4, 4099), (8, 3045), (12, 4521), (17, 4020), (18, 861)]
  11: [(4, 4973), (14, 1256), (15, 679)]
  12: [(2, 286), (11, 161), (14, 4789)]
  13: [(4, 2188), (11, 3587)]
  14: [(13, 2966), (15, 3981)]
  15: [(6, 3227), (14, 681), (16, 4308)]
  16: [(7, 1200), (9, 319), (12, 2039), (13, 516), (18, 3979), (20, 604)]
  17: [(5, 2226), (8, 3565), (18, 1980), (20, 2153)]
  18: [(4, 1777), (12, 1805)]
  19: [(14, 2618)]
  20: [(15, 2755), (16, 2404), (21, 595)]
  21: [(11, 3608)]

Lista de Adjacencia com arestas reversas:
  0: [(1, 137), (15, 2967), (3, 0), (4, 0)]
  1: [(0, 0), (2, 578), (3, 4323), (11, 2158), (20, 2678)]
  2: [(1, 0), (5, 4972), (17, 4614), (4, 0), (7, 0), (8, 0), (12, 0)]
  3: [(1, 0), (0, 2697), (5, 4447), (21, 2316), (5, 0), (9, 0)]
  4: [(0, 2929), (2, 3156), (11, 1601), (12, 182), (17, 4891), (19, 2238), (10, 0), (11, 0), (13, 0), (18, 0)]
  5: [(2, 0), (3, 0), (3, 414), (6, 4545), (8, 3728), (12, 2668), (15, 2924), (8, 0), (17, 0)]
  6: [(5, 0), (7, 232), (16, 4942), (18, 202), (21, 4760), (15, 0)]
  7: [(6, 0), (2, 3271), (8, 262), (9, 648), (19, 3227), (16, 0)]
  8: [(5, 0), (7, 0), (2, 4107), (5, 1983), (10, 0), (17, 0)]
  9: [(7, 0), (3, 1250), (10, 4008), (16, 0)]
  10: [(9, 0), (4, 4099), (8, 3045), (12, 4521), (17, 4020), (18, 861)]
  11: [(1, 0), (4, 0), (4, 4973), (14, 1256), (15, 679), (12, 0), (13, 0), (21, 0)]
  12: [(4, 0), (5, 0), (10, 0), (2, 286), (11, 161), (14, 4789), (16, 0), (18, 0)]
  13: [(4, 2188), (11, 3587), (14, 0), (16, 0)]
  14: [(11, 0), (12, 0), (13, 2966), (15, 3981), (15, 0), (19, 0)]
  15: [(0, 0), (5, 0), (11, 0), (14, 0), (6, 3227), (14, 681), (16, 4308), (20, 0)]
  16: [(6, 0), (15, 0), (7, 1200), (9, 319), (12, 2039), (13, 516), (18, 3979), (20, 604), (20, 0)]
  17: [(2, 0), (4, 0), (10, 0), (5, 2226), (8, 3565), (18, 1980), (20, 2153)]
  18: [(6, 0), (10, 0), (16, 0), (17, 0), (4, 1777), (12, 1805)]
  19: [(4, 0), (7, 0), (14, 2618)]
  20: [(1, 0), (16, 0), (17, 0), (15, 2755), (16, 2404), (21, 595)]
  21: [(3, 0), (6, 0), (20, 0), (11, 3608)]

Matriz de Capacidades Residuais inicial:
  0  44   0 1208 1411   0   0   0   0   0   0   0   0   0   0 2044   0   0   0   0   0   0
 93   0 329 1457   0   0   0   0   0   0   0 949   0   0   0   0   0   0   0   0 740   0
  0 249   0   0 2344 1143   0 2147 2765   0   0   0 109   0   0   0   0 739   0   0   0   0
1489 2866   0   0   0 365   0   0   0 500   0   0   0   0   0   0   0   0   0   0   0 1570
1518   0 812   0   0   0   0   0   0   0 3593 1923  73 1124   0   0   0 634 1065 1096   0   0
  0   0 3829  49   0   0 2546   0 631   0   0   0 1369   0   0 870   0 1884   0   0   0   0
  0   0   0   0   0 1999   0 143   0   0   0   0   0   0   0 1714 831   0  45   0   0 897
  0   0 1124   0   0   0  89   0  45 212   0   0   0   0   0   0 971   0   0 1066   0   0
  0   0 1342   0   0 1352   0 217   0   0 1235   0   0   0   0   0   0 2644   0   0   0   0
  0   0   0 750   0   0   0 436   0   0 2254   0   0   0   0   0 152   0   0   0   0   0
  0   0   0   0 506   0   0   0 1810 1754   0   0 2866   0   0   0   0 1210 107   0   0   0
  0 1209   0   0 3050   0   0   0   0   0   0   0  86 1274 224 289   0   0   0   0   0 2009
  0   0 177   0 109 1299   0   0   0   0 1655  75   0   0 901   0 1304   0 1154   0   0   0
  0   0   0   0 1064   0   0   0   0   0   0 2313   0   0 1850   0 255   0   0   0   0   0
  0   0   0   0   0   0   0   0   0   0   0 1032 3888 1116   0 526   0   0   0 2010   0   0
923   0   0   0   0 2054 1513   0   0   0   0 390   0   0 155   0 902   0   0   0 1094   0
  0   0   0   0   0   0 4111 229   0 167   0   0 735 261   0 3406   0   0 1408   0 1567   0
  0   0 3875   0 4257 342   0   0 921   0 2810   0   0   0   0   0   0   0 310   0 939   0
  0   0   0   0 712   0 157   0   0   0 754   0 651   0   0   0 2571 1670   0   0   0   0
  0   0   0   0 1142   0   0 2161   0   0   0   0   0   0 608   0   0   0   0   0   0   0
  0 1938   0   0   0   0   0   0   0   0   0   0   0   0   0 1661 837 1214   0   0   0 316
  0   0   0 746   0   0 3863   0   0   0   0 1599   0   0   0   0   0   0   0   0 279   0

Matriz de Capacidades Residuais final:
  0   0   0   0   0   0   0   0   0   0   0   0   0   0   0   0   0   0   0   0   0   0
137   0 329 1396   0   0   0   0   0   0   0 949   0   0   0   0   0   0   0   0 757   0
  0 249   0   0 2344 1143   0 2147 2765   0   0   0 109   0   0   0   0 739   0   0   0   0
2697 2927   0   0   0 414   0   0   0 667   0   0   0   0   0   0   0   0   0   0   0  85
2929   0 812   0   0   0   0   0   0   0 3593 512  73 1124   0   0   0 634 1065 1096   0   0
  0   0 3829   0   0   0 2546   0 631   0   0   0 1316   0   0 972   0 1884   0   0   0   0
  0   0   0   0   0 1999   0 143   0   0   0   0   0   0   0 2611 831   0  45   0   0   0
  0   0 1124   0   0   0  89   0  45 212   0   0   0   0   0   0 971   0   0 1066   0   0
  0   0 1342   0   0 1352   0 217   0   0 1235   0   0   0   0   0   0 2644   0   0   0   0
  0   0   0 583   0   0   0 436   0   0 2254   0   0   0   0   0 319   0   0   0   0   0
  0   0   0   0 506   0   0   0 1810 1754   0   0 2866   0   0   0   0 1210 107   0   0   0
  0 1209   0   0 4461   0   0   0   0   0   0   0 139 1274 379 679   0   0   0   0   0   0
  0   0 177   0 109 1352   0   0   0   0 1655  22   0   0 901   0 1304   0 1154   0   0   0
  0   0   0   0 1064   0   0   0   0   0   0 2313   0   0 1850   0 255   0   0   0   0   0
  0   0   0   0   0   0   0   0   0   0   0 877 3888 1116   0 681   0   0   0 2010   0   0
2967   0   0   0   0 1952 616   0   0   0   0   0   0   0   0   0 735   0   0   0 761   0
  0   0   0   0   0   0 4111 229   0   0   0   0 735 261   0 3573   0   0 1408   0 1567   0
  0   0 3875   0 4257 342   0   0 921   0 2810   0   0   0   0   0   0   0 310   0 939   0
  0   0   0   0 712   0 157   0   0   0 754   0 651   0   0   0 2571 1670   0   0   0   0
  0   0   0   0 1142   0   0 2161   0   0   0   0   0   0 608   0   0   0   0   0   0   0
  0 1921   0   0   0   0   0   0   0   0   0   0   0   0   0 1994 837 1214   0   0   0   0
  0   0   0 2231   0   0 4760   0   0   0   0 3608   0   0   0   0   0   0   0   0 595   0

Fluxo inicial: 4023L
Fluxo adicional da fonte 0 ao sumidouro 21 encontrado: 4707L
Fluxo maximo total (fluxo inicial + adicional): 4023L + 4707L = 8730L
Tempo de execucao: 0.00051950 segundos
