Caso 17

Quantidade de vertices: 42
Quantidade de arestas: 177
Fonte: 0
Sumidouro: 41

Lista de Adjacencia:
  0: [(3, 4616), (12, 1374), (22, 7710), (25, 385), (27, 8003), (29, 5838), (41, 2557)]
  1: [(5, 2522), (9, 5656), (14, 1295), (19, 6910), (20, 9952), (21, 5305), (25, 4770), (29, 7148), (31, 292), (32, 3778), (34, 5471), (40, 8413)]
  2: [(4, 9609), (17, 6969), (18, 8059), (21, 9705), (25, 4948), (26, 5479), (35, 6746), (37, 8225)]
  3: [(6, 6318), (7, 5540), (11, 4826), (16, 7718), (19, 5376), (24, 6712), (28, 7888), (33, 6070), (37, 1967)]
  4: [(5, 594), (12, 8003), (14, 8572), (18, 5698), (29, 6796)]
  5: [(19, 5809), (25, 4503)]
  6: [(7, 8087), (11, 2238), (22, 672), (35, 2727)]
  7: [(8, 2995), (13, 3976), (22, 4874)]
  8: [(9, 7707), (10, 899), (12, 5190), (21, 8375), (22, 9066)]
  9: [(14, 5721), (17, 9851), (20, 9721), (21, 2371), (25, 6287), (28, 1439)]
  10: [(12, 6813), (13, 9197), (17, 3478), (18, 8593), (19, 9443), (20, 3958), (24, 9028), (30, 7193), (32, 699), (35, 3939), (36, 7586), (39, 4999)]
  11: [(20, 8470), (23, 4807), (25, 8371), (27, 3705), (28, 1387), (39, 6193), (41, 3845)]
  12: [(13, 6282), (20, 3269), (22, 2319), (26, 7083), (29, 5130), (30, 502), (37, 4095), (41, 6071)]
  13: [(14, 4302), (16, 9737), (19, 9530), (33, 831), (36, 5437)]
  14: [(15, 7292), (25, 8631), (35, 4089), (41, 6044)]
  15: [(16, 1228), (19, 9154), (25, 5951), (26, 2577), (31, 7704), (32, 3728), (35, 2726), (36, 9647)]
  16: [(19, 9105), (21, 763), (22, 921), (27, 5201), (29, 3014), (39, 2668), (40, 8548)]
  17: [(22, 1105), (25, 7177), (31, 4743), (37, 3043), (40, 4684)]
  18: [(26, 7968), (38, 3682)]
  19: [(20, 7180), (25, 5249), (27, 7698), (29, 7514), (30, 6636)]
  20: [(23, 5415), (25, 1222), (26, 6300), (30, 9049), (34, 6265)]
  21: [(31, 659), (39, 7849), (40, 7715)]
  22: [(32, 1561), (34, 2843), (40, 6825)]
  23: [(24, 519), (27, 1071), (28, 9205), (31, 6895), (32, 1111), (35, 216), (37, 9433)]
  24: [(25, 5635), (29, 8334), (39, 5389)]
  25: [(28, 4997), (37, 1485), (41, 3690)]
  26: [(27, 5174), (32, 6246)]
  27: [(34, 689), (40, 9393)]
  28: [(29, 1714), (33, 3570)]
  29: [(30, 3453), (31, 5595), (34, 8645)]
  30: [(31, 4164), (32, 763)]
  31: [(34, 4683), (38, 8295)]
  32: [(34, 317), (24, 217)]
  33: [(15, 3234)]
  34: [(12, 1695)]
  35: [(28, 464), (31, 414)]
  36: [(30, 416)]
  37: [(36, 5164)]
  38: [(37, 3164)]
  39: [(33, 2164)]
  40: [(28, 4284), (26, 4984), (15, 5169)]
  41: [(13, 6160), (10, 764), (11, 4094)]

Lista de Adjacencia com arestas reversas:
  0: [(3, 4616), (12, 1374), (22, 7710), (25, 385), (27, 8003), (29, 5838), (41, 2557)]
  1: [(5, 2522), (9, 5656), (14, 1295), (19, 6910), (20, 9952), (21, 5305), (25, 4770), (29, 7148), (31, 292), (32, 3778), (34, 5471), (40, 8413)]
  2: [(4, 9609), (17, 6969), (18, 8059), (21, 9705), (25, 4948), (26, 5479), (35, 6746), (37, 8225)]
  3: [(0, 0), (6, 6318), (7, 5540), (11, 4826), (16, 7718), (19, 5376), (24, 6712), (28, 7888), (33, 6070), (37, 1967)]
  4: [(2, 0), (5, 594), (12, 8003), (14, 8572), (18, 5698), (29, 6796)]
  5: [(1, 0), (4, 0), (19, 5809), (25, 4503)]
  6: [(3, 0), (7, 8087), (11, 2238), (22, 672), (35, 2727)]
  7: [(3, 0), (6, 0), (8, 2995), (13, 3976), (22, 4874)]
  8: [(7, 0), (9, 7707), (10, 899), (12, 5190), (21, 8375), (22, 9066)]
  9: [(1, 0), (8, 0), (14, 5721), (17, 9851), (20, 9721), (21, 2371), (25, 6287), (28, 1439)]
  10: [(8, 0), (12, 6813), (13, 9197), (17, 3478), (18, 8593), (19, 9443), (20, 3958), (24, 9028), (30, 7193), (32, 699), (35, 3939), (36, 7586), (39, 4999), (41, 0)]
  11: [(3, 0), (6, 0), (20, 8470), (23, 4807), (25, 8371), (27, 3705), (28, 1387), (39, 6193), (41, 3845), (41, 0)]
  12: [(0, 0), (4, 0), (8, 0), (10, 0), (13, 6282), (20, 3269), (22, 2319), (26, 7083), (29, 5130), (30, 502), (37, 4095), (41, 6071), (34, 0)]
  13: [(7, 0), (10, 0), (12, 0), (14, 4302), (16, 9737), (19, 9530), (33, 831), (36, 5437), (41, 0)]
  14: [(1, 0), (4, 0), (9, 0), (13, 0), (15, 7292), (25, 8631), (35, 4089), (41, 6044)]
  15: [(14, 0), (16, 1228), (19, 9154), (25, 5951), (26, 2577), (31, 7704), (32, 3728), (35, 2726), (36, 9647), (33, 0), (40, 0)]
  16: [(3, 0), (13, 0), (15, 0), (19, 9105), (21, 763), (22, 921), (27, 5201), (29, 3014), (39, 2668), (40, 8548)]
  17: [(2, 0), (9, 0), (10, 0), (22, 1105), (25, 7177), (31, 4743), (37, 3043), (40, 4684)]
  18: [(2, 0), (4, 0), (10, 0), (26, 7968), (38, 3682)]
  19: [(1, 0), (3, 0), (5, 0), (10, 0), (13, 0), (15, 0), (16, 0), (20, 7180), (25, 5249), (27, 7698), (29, 7514), (30, 6636)]
  20: [(1, 0), (9, 0), (10, 0), (11, 0), (12, 0), (19, 0), (23, 5415), (25, 1222), (26, 6300), (30, 9049), (34, 6265)]
  21: [(1, 0), (2, 0), (8, 0), (9, 0), (16, 0), (31, 659), (39, 7849), (40, 7715)]
  22: [(0, 0), (6, 0), (7, 0), (8, 0), (12, 0), (16, 0), (17, 0), (32, 1561), (34, 2843), (40, 6825)]
  23: [(11, 0), (20, 0), (24, 519), (27, 1071), (28, 9205), (31, 6895), (32, 1111), (35, 216), (37, 9433)]
  24: [(3, 0), (10, 0), (23, 0), (25, 5635), (29, 8334), (39, 5389), (32, 0)]
  25: [(0, 0), (1, 0), (2, 0), (5, 0), (9, 0), (11, 0), (14, 0), (15, 0), (17, 0), (19, 0), (20, 0), (24, 0), (28, 4997), (37, 1485), (41, 3690)]
  26: [(2, 0), (12, 0), (15, 0), (18, 0), (20, 0), (27, 5174), (32, 6246), (40, 0)]
  27: [(0, 0), (11, 0), (16, 0), (19, 0), (23, 0), (26, 0), (34, 689), (40, 9393)]
  28: [(3, 0), (9, 0), (11, 0), (23, 0), (25, 0), (29, 1714), (33, 3570), (35, 0), (40, 0)]
  29: [(0, 0), (1, 0), (4, 0), (12, 0), (16, 0), (19, 0), (24, 0), (28, 0), (30, 3453), (31, 5595), (34, 8645)]
  30: [(10, 0), (12, 0), (19, 0), (20, 0), (29, 0), (31, 4164), (32, 763), (36, 0)]
  31: [(1, 0), (15, 0), (17, 0), (21, 0), (23, 0), (29, 0), (30, 0), (34, 4683), (38, 8295), (35, 0)]
  32: [(1, 0), (10, 0), (15, 0), (22, 0), (23, 0), (26, 0), (30, 0), (34, 317), (24, 217)]
  33: [(3, 0), (13, 0), (28, 0), (15, 3234), (39, 0)]
  34: [(1, 0), (20, 0), (22, 0), (27, 0), (29, 0), (31, 0), (32, 0), (12, 1695)]
  35: [(2, 0), (6, 0), (10, 0), (14, 0), (15, 0), (23, 0), (28, 464), (31, 414)]
  36: [(10, 0), (13, 0), (15, 0), (30, 416), (37, 0)]
  37: [(2, 0), (3, 0), (12, 0), (17, 0), (23, 0), (25, 0), (36, 5164), (38, 0)]
  38: [(18, 0), (31, 0), (37, 3164)]
  39: [(10, 0), (11, 0), (16, 0), (21, 0), (24, 0), (33, 2164)]
  40: [(1, 0), (16, 0), (17, 0), (21, 0), (22, 0), (27, 0), (28, 4284), (26, 4984), (15, 5169)]
  41: [(0, 0), (11, 0), (12, 0), (14, 0), (25, 0), (13, 6160), (10, 764), (11, 4094)]

Matriz de Capacidades Residuais inicial:
  0   0   0 793   0   0   0   0   0   0   0   0 792   0   0   0   0   0   0   0   0   0 5321   0   0 260   0 2189   0 1842   0   0   0   0   0   0   0   0   0   0   0 1756
  0   0   0   0   0 1676   0   0   0 2333   0   0   0   0 430   0   0   0   0 4283 4774 2060   0   0   0 2650   0   0   0 4402   0  34 830   0 2676   0   0   0   0   0 3773   0
  0   0   0   0 1740   0   0   0   0   0   0   0   0   0   0   0   0 1104 132   0   0 5939   0   0   0 3754 3406   0   0   0   0   0   0   0   0 775   0 6256   0   0   0   0
3823   0   0   0   0   0 1998 1007   0   0   0 1884   0   0   0   0 4166   0   0 2287   0   0   0   0 1419   0   0   0 5454   0   0   0   0 837   0   0   0 1498   0   0   0   0
  0   0 7869   0   0 302   0   0   0   0   0   0 3192   0 2382   0   0   0 1664   0   0   0   0   0   0   0   0   0   0 5103   0   0   0   0   0   0   0   0   0   0   0   0
  0 846   0   0 292   0   0   0   0   0   0   0   0   0   0   0   0   0   0 3558   0   0   0   0   0 2330   0   0   0   0   0   0   0   0   0   0   0   0   0   0   0   0
  0   0   0 4320   0   0   0 3444   0   0   0 456   0   0   0   0   0   0   0   0   0   0 430   0   0   0   0   0   0   0   0   0   0   0   0 1118   0   0   0   0   0   0
  0   0   0 4533   0   0 4643   0 672   0   0   0   0 663   0   0   0   0   0   0   0   0 1818   0   0   0   0   0   0   0   0   0   0   0   0   0   0   0   0   0   0   0
  0   0   0   0   0   0   0 2323   0 1306 161   0 2685   0   0   0   0   0   0   0   0 3649 4923   0   0   0   0   0   0   0   0   0   0   0   0   0   0   0   0   0   0   0
  0 3323   0   0   0   0   0   0 6401   0   0   0   0   0 2878   0   0 1737   0   0 6339 754   0   0   0 1165   0   0 611   0   0   0   0   0   0   0   0   0   0   0   0   0
  0   0   0   0   0   0   0   0 738   0   0   0 1923 4127   0   0   0 1386 1634 3168 2319   0   0   0 1663   0   0   0   0   0 2624   0 314   0   0 2701 3938   0   0 678   0 590
  0   0   0 2942   0   0 1782   0   0   0   0   0   0   0   0   0   0   0   0   0 4646   0   0 3826   0 5450   0 930 585   0   0   0   0   0   0   0   0   0   0 4952   0 3890
582   0   0   0 4811   0   0   0 2505   0 4890   0   0 3998   0   0   0   0   0   0 1577   0 1778   0   0   0 2492   0   0 3649 120   0   0   0 1085   0   0 2509   0   0   0 222
  0   0   0   0   0   0   0 3313   0   0 5070   0 2284   0 2414   0 6817   0   0 3924   0   0   0   0   0   0   0   0   0   0   0   0   0 542   0   0 1588   0   0   0   0 480
  0 865   0   0 6190   0   0   0   0 2843   0   0   0 1888   0 4920   0   0   0   0   0   0   0   0   0 5606   0   0   0   0   0   0   0   0   0 796   0   0   0   0   0 1548
  0   0   0   0   0   0   0   0   0   0   0   0   0   0 2372   0 831   0   0 3721   0   0   0   0   0 3519 717   0   0   0   0 2567 2013 242   0 1302 7473   0   0   0 2382   0
  0   0   0 3552   0   0   0   0   0   0   0   0   0 2920   0 397   0   0   0 2292   0 156 579   0   0   0   0 2477   0 2068   0   0   0   0   0   0   0   0   0 780 3884   0
  0   0 5865   0   0   0   0   0   0 8114 2092   0   0   0   0   0   0   0   0   0   0   0 678   0   0 4902   0   0   0   0   0 1382   0   0   0   0   0 1613   0   0 1545   0
  0   0 7927   0 4034   0   0   0   0   0 6959   0   0   0   0   0   0   0   0   0   0   0   0   0   0   0 2753   0   0   0   0   0   0   0   0   0   0   0 1107   0   0   0
  0 2627   0 3089   0 2251   0   0   0   0 6275   0   0 5606   0 5433 6813   0   0   0 1423   0   0   0   0 2564   0 3839   0 3573 1153   0   0   0   0   0   0   0   0   0   0   0
  0 5178   0   0   0   0   0   0   0 3382 1639 3824 1692   0   0   0   0   0   0 5757   0   0   0 2511   0 585 1114   0   0   0 5051   0   0   0 977   0   0   0   0   0   0   0
  0 3245 3766   0   0   0   0   0 4726 1617   0   0   0   0   0   0 607   0   0   0   0   0   0   0   0   0   0   0   0   0   0 363   0   0   0   0   0   0   0 2516 2175   0
2389   0   0   0   0   0 242 3056 4143   0   0   0 541   0   0   0 342 427   0   0   0   0   0   0   0   0   0   0   0   0   0   0 280   0 314   0   0   0   0   0 687   0
  0   0   0   0   0   0   0   0   0   0   0 981   0   0   0   0   0   0   0   0 2904   0   0   0 305   0   0 565 5662   0   0 2605 640   0   0  18   0 3607   0   0   0   0
  0   0   0 5293   0   0   0   0   0   0 7365   0   0   0   0   0   0   0   0   0   0   0   0 214   0 3451   0   0   0 3144   0   0 2486   0   0   0   0   0   0 871   0   0
125 2120 1194   0   0 2173   0   0   0 5122   0 2921   0   0 3025 2432   0 2275   0 2685 637   0   0   0 2184   0   0   0 2279   0   0   0   0   0   0   0   0 454   0   0   0 2900
  0   0 2073   0   0   0   0   0   0   0   0   0 4591   0   0 1860   0   0 5215   0 5186   0   0   0   0   0   0 3604   0   0   0   0 942   0   0   0   0   0   0   0 1982   0
5814   0   0   0   0   0   0   0   0   0   0 2775   0   0   0   0 2724   0   0 3859   0   0   0 506   0   0 1570   0   0   0   0   0   0   0 354   0   0   0   0   0 2502   0
  0   0   0 2434   0   0   0   0   0 828   0 802   0   0   0   0   0   0   0   0   0   0   0 3543   0 2718   0   0   0 1137   0   0   0 2286   0 682   0   0   0   0 1882   0
3996 2746   0   0 1693   0   0   0   0   0   0   0 1481   0   0   0 946   0   0 3941   0   0   0   0 5190   0   0   0 577   0 973 3109   0   0 1198   0   0   0   0   0   0   0
  0   0   0   0   0   0   0   0   0   0 4569   0 382   0   0   0   0   0   0 5483 3998   0   0   0   0   0   0   0   0 2480   0 2482 440   0   0   0 168   0   0   0   0   0
  0 258   0   0   0   0   0   0   0   0   0   0   0   0   0 5137   0 3361   0   0   0 296   0 4290   0   0   0   0   0 2486 1682   0   0   0 595 182   0   0 2959   0   0   0
  0 2948   0   0   0   0   0   0   0   0 385   0   0   0   0 1715   0   0   0   0   0   0 1281 471 -2269   0 5304   0   0   0 323   0   0   0 -2129   0   0   0   0   0   0   0
  0   0   0 5233   0   0   0   0   0   0   0   0   0 289   0 2992   0   0   0   0   0   0   0   0   0   0   0   0 1284   0   0   0   0   0   0   0   0   0   0 4282   0   0
  0 2795   0   0   0   0   0   0   0   0   0   0 610   0   0   0   0   0   0   0 5288   0 2529   0   0   0   0 335   0 7447   0 4088 2446   0   0   0   0   0   0   0   0   0
  0   0 5971   0   0   0 1609   0   0   0 1238   0   0   0 3293 1424   0   0   0   0   0   0   0 198   0   0   0   0 -218   0   0 232   0   0   0   0   0   0   0   0   0   0
  0   0   0   0   0   0   0   0   0   0 3648   0   0 3849   0 2174   0   0   0   0   0   0   0   0   0   0   0   0   0   0 248   0   0   0   0   0   0 2282   0   0   0   0
  0   0 1969 469   0   0   0   0   0   0   0   0 1586   0   0   0   0 1430   0   0   0   0   0 5826   0 1031   0   0   0   0   0   0   0   0   0   0 2882   0 3782   0   0   0
  0   0   0   0   0   0   0   0   0   0   0   0   0   0   0   0   0   0 2575   0   0   0   0   0   0   0   0   0   0   0   0 5336   0   0   0   0   0 -618   0   0   0   0
  0   0   0   0   0   0   0   0   0   0 4321 1241   0   0   0   0 1888   0   0   0   0 5333   0   0 4518   0   0   0   0   0   0   0   0 -2118   0   0   0   0   0   0   0   0
  0 4640   0   0   0   0   0   0   0   0   0   0   0   0   0 2787 4664 3139   0   0   0 5540 6138   0   0   0 3002 6891 2402   0   0   0   0   0   0   0   0   0   0   0   0   0
801   0   0   0   0   0   0   0   0   0 174 204 5849 5680 4496   0   0   0   0   0   0   0   0   0   0 790   0   0   0   0   0   0   0   0   0   0   0   0   0   0   0   0

Matriz de Capacidades Residuais final:
  0   0   0   0   0   0   0   0   0   0   0   0   0   0   0   0   0   0   0   0   0   0 1567   0   0   0   0   0   0   0   0   0   0   0   0   0   0   0   0   0   0   0
  0   0   0   0   0 1676   0   0   0 2333   0   0   0   0   0   0   0   0   0 4283 4774 2060   0   0   0 1238   0   0   0 6244   0  34 830   0 2676   0   0   0   0   0 3773   0
  0   0   0   0 1740   0   0   0   0   0   0   0   0   0   0   0   0 1104 132   0   0 5939   0   0   0 3754 3406   0   0   0   0   0   0   0   0 775   0 6256   0   0   0   0
4616   0   0   0   0   0 1998 1673   0   0   0 425   0   0   0   0 4166   0   0 2287   0   0   0   0 1419   0   0   0 5454   0   0   0   0 837   0   0   0 1498   0   0   0   0
  0   0 7869   0   0 302   0   0   0   0   0   0 3192   0 2382   0   0   0 1664   0   0   0   0   0   0   0   0   0   0 5103   0   0   0   0   0   0   0   0   0   0   0   0
  0 846   0   0 292   0   0   0   0   0   0   0   0   0   0   0   0   0   0 3558   0   0   0   0   0 2330   0   0   0   0   0   0   0   0   0   0   0   0   0   0   0   0
  0   0   0 4320   0   0   0 3444   0   0   0 214   0   0   0   0   0   0   0   0   0   0 672   0   0   0   0   0   0   0   0   0   0   0   0 1118   0   0   0   0   0   0
  0   0   0 3867   0   0 4643   0 672   0   0   0   0   0   0   0   0   0   0   0   0   0 3147   0   0   0   0   0   0   0   0   0   0   0   0   0   0   0   0   0   0   0
  0   0   0   0   0   0   0 2323   0   0 141   0 2685   0   0   0   0   0   0   0   0 3649 6249   0   0   0   0   0   0   0   0   0   0   0   0   0   0   0   0   0   0   0
  0 3323   0   0   0   0   0   0 7707   0   0   0   0   0 1943   0   0 1737   0   0 6339 754   0   0   0 794   0   0 611   0   0   0   0   0   0   0   0   0   0   0   0   0
  0   0   0   0   0   0   0   0 758   0   0   0 2493 4127   0   0   0 1386 1634 3168 2319   0   0   0 1663   0   0   0   0   0 2624   0 314   0   0 2701 3938   0   0 678   0   0
  0   0   0 4401   0   0 2024   0   0   0   0   0   0   0   0   0   0   0   0   0 4646   0   0 3826   0 5450   0 3119 585   0   0   0   0   0   0   0   0   0   0 4952   0   0
1374   0   0   0 4811   0   0   0 2505   0 4320   0   0 3998   0   0   0   0   0   0 1147   0 2208   0   0   0 2492   0   0 3649 120   0   0   0 1085   0   0 2509   0   0   0   0
  0   0   0   0   0   0   0 3976   0   0 5070   0 2284   0 2231   0 6817   0   0 3924   0   0   0   0   0   0   0   0   0   0   0   0   0 542   0   0 1588   0   0   0   0   0
  0 1295   0   0 6190   0   0   0   0 3778   0   0   0 2071   0 4920   0   0   0   0   0   0   0   0   0 5606   0   0   0   0   0   0   0   0   0 796   0   0   0   0   0   0
  0   0   0   0   0   0   0   0   0   0   0   0   0   0 2372   0 831   0   0 3721   0   0   0   0   0 3519 717   0   0   0   0 2567 2013 242   0 1302 7473   0   0   0 2382   0
  0   0   0 3552   0   0   0   0   0   0   0   0   0 2920   0 397   0   0   0 2292   0 156 579   0   0   0   0 2477   0 2068   0   0   0   0   0   0   0   0   0 780 3884   0
  0   0 5865   0   0   0   0   0   0 8114 2092   0   0   0   0   0   0   0   0   0   0   0 1105   0   0 4475   0   0   0   0   0 1382   0   0   0   0   0 1613   0   0 1545   0
  0   0 7927   0 4034   0   0   0   0   0 6959   0   0   0   0   0   0   0   0   0   0   0   0   0   0   0 2753   0   0   0   0   0   0   0   0   0   0   0 1107   0   0   0
  0 2627   0 3089   0 2251   0   0   0   0 6275   0   0 5606   0 5433 6813   0   0   0 1423   0   0   0   0 2564   0 3839   0 3573 1153   0   0   0   0   0   0   0   0   0   0   0
  0 5178   0   0   0   0   0   0   0 3382 1639 3824 2122   0   0   0   0   0   0 5757   0   0   0 2511   0 155 1114   0   0   0 5051   0   0   0 977   0   0   0   0   0   0   0
  0 3245 3766   0   0   0   0   0 4726 1617   0   0   0   0   0   0 607   0   0   0   0   0   0   0   0   0   0   0   0   0   0 363   0   0   0   0   0   0   0 2516 2175   0
6143   0   0   0   0   0   0 1727 2817   0   0   0 111   0   0   0 342   0   0   0   0   0   0   0   0   0   0   0   0   0   0   0 280   0 314   0   0   0   0   0 687   0
  0   0   0   0   0   0   0   0   0   0   0 981   0   0   0   0   0   0   0   0 2904   0   0   0 305   0   0 565 5662   0   0 2605 640   0   0  18   0 3607   0   0   0   0
  0   0   0 5293   0   0   0   0   0   0 7365   0   0   0   0   0   0   0   0   0   0   0   0 214   0 3451   0   0   0 3144   0   0 2486   0   0   0   0   0   0 871   0   0
385 3532 1194   0   0 2173   0   0   0 5493   0 2921   0   0 3025 2432   0 2702   0 2685 1067   0   0   0 2184   0   0   0 2279   0   0   0   0   0   0   0   0 454   0   0   0   0
  0   0 2073   0   0   0   0   0   0   0   0   0 4591   0   0 1860   0   0 5215   0 5186   0   0   0   0   0   0 3604   0   0   0   0 942   0   0   0   0   0   0   0 1982   0
8003   0   0   0   0   0   0   0   0   0   0 586   0   0   0   0 2724   0   0 3859   0   0   0 506   0   0 1570   0   0   0   0   0   0   0 354   0   0   0   0   0 2502   0
  0   0   0 2434   0   0   0   0   0 828   0 802   0   0   0   0   0   0   0   0   0   0   0 3543   0 2718   0   0   0 1137   0   0   0 2286   0 682   0   0   0   0 1882   0
5838 904   0   0 1693   0   0   0   0   0   0   0 1481   0   0   0 946   0   0 3941   0   0   0   0 5190   0   0   0 577   0 973 3109   0   0 1198   0   0   0   0   0   0   0
  0   0   0   0   0   0   0   0   0   0 4569   0 382   0   0   0   0   0   0 5483 3998   0   0   0   0   0   0   0   0 2480   0 2482 440   0   0   0 168   0   0   0   0   0
  0 258   0   0   0   0   0   0   0   0   0   0   0   0   0 5137   0 3361   0   0   0 296   0 4290   0   0   0   0   0 2486 1682   0   0   0 595 182   0   0 2959   0   0   0
  0 2948   0   0   0   0   0   0   0   0 385   0   0   0   0 1715   0   0   0   0   0   0 1281 471 -2269   0 5304   0   0   0 323   0   0   0 -2129   0   0   0   0   0   0   0
  0   0   0 5233   0   0   0   0   0   0   0   0   0 289   0 2992   0   0   0   0   0   0   0   0   0   0   0   0 1284   0   0   0   0   0   0   0   0   0   0 4282   0   0
  0 2795   0   0   0   0   0   0   0   0   0   0 610   0   0   0   0   0   0   0 5288   0 2529   0   0   0   0 335   0 7447   0 4088 2446   0   0   0   0   0   0   0   0   0
  0   0 5971   0   0   0 1609   0   0   0 1238   0   0   0 3293 1424   0   0   0   0   0   0   0 198   0   0   0   0 -218   0   0 232   0   0   0   0   0   0   0   0   0   0
  0   0   0   0   0   0   0   0   0   0 3648   0   0 3849   0 2174   0   0   0   0   0   0   0   0   0   0   0   0   0   0 248   0   0   0   0   0   0 2282   0   0   0   0
  0   0 1969 469   0   0   0   0   0   0   0   0 1586   0   0   0   0 1430   0   0   0   0   0 5826   0 1031   0   0   0   0   0   0   0   0   0   0 2882   0 3782   0   0   0
  0   0   0   0   0   0   0   0   0   0   0   0   0   0   0   0   0   0 2575   0   0   0   0   0   0   0   0   0   0   0   0 5336   0   0   0   0   0 -618   0   0   0   0
  0   0   0   0   0   0   0   0   0   0 4321 1241   0   0   0   0 1888   0   0   0   0 5333   0   0 4518   0   0   0   0   0   0   0   0 -2118   0   0   0   0   0   0   0   0
  0 4640   0   0   0   0   0   0   0   0   0   0   0   0   0 2787 4664 3139   0   0   0 5540 6138   0   0   0 3002 6891 2402   0   0   0   0   0   0   0   0   0   0   0   0   0
2557   0   0   0   0   0   0   0   0   0 764 4094 6071 6160 6044   0   0   0   0   0   0   0   0   0   0 3690   0   0   0   0   0   0   0   0   0   0   0   0   0   0   0   0

Fluxo inicial: 17530L
Fluxo adicional da fonte 0 ao sumidouro 41 encontrado: 11386L
Fluxo maximo total (fluxo inicial + adicional): 17530L + 11386L = 28916L
Tempo de execucao: 0.00154633 segundos
