Caso 11

Quantidade de vertices: 25
Quantidade de arestas: 64
Fonte: 0
Sumidouro: 24

Lista de Adjacencia:
  0: [(1, 4766)]
  1: [(2, 2121), (10, 2864), (15, 3497), (16, 3937), (18, 4283)]
  2: [(5, 1786), (13, 1271), (20, 3275)]
  3: [(7, 2128), (14, 1668), (17, 1984)]
  4: [(16, 2416)]
  5: [(8, 2876), (12, 4220)]
  6: [(5, 747), (15, 1401), (17, 1790), (22, 217)]
  7: [(10, 3726)]
  8: [(2, 3162), (14, 1572)]
  9: []
  10: [(15, 3981), (16, 2635), (23, 854)]
  11: []
  12: [(17, 2158)]
  13: [(7, 3571), (8, 3766), (10, 2820)]
  14: [(1, 2891), (2, 3369), (5, 1842), (7, 2641), (15, 1851)]
  15: [(0, 931), (4, 4579)]
  16: [(15, 4013), (21, 3550), (22, 4627)]
  17: [(3, 2147), (8, 1847), (19, 1207), (21, 3385)]
  18: [(22, 3219), (23, 1702), (24, 1415)]
  19: [(20, 3508), (24, 4976)]
  20: [(5, 1875), (7, 4053), (9, 3672), (13, 1444), (14, 2884), (21, 2259)]
  21: [(4, 4148), (16, 4703), (22, 395)]
  22: [(4, 4001), (21, 979), (24, 2846)]
  23: [(16, 3870)]
  24: [(9, 4102), (10, 1280), (19, 4623)]

Lista de Adjacencia com arestas reversas:
  0: [(1, 4766), (15, 0)]
  1: [(0, 0), (2, 2121), (10, 2864), (15, 3497), (16, 3937), (18, 4283), (14, 0)]
  2: [(1, 0), (5, 1786), (13, 1271), (20, 3275), (8, 0), (14, 0)]
  3: [(7, 2128), (14, 1668), (17, 1984), (17, 0)]
  4: [(16, 2416), (15, 0), (21, 0), (22, 0)]
  5: [(2, 0), (8, 2876), (12, 4220), (6, 0), (14, 0), (20, 0)]
  6: [(5, 747), (15, 1401), (17, 1790), (22, 217)]
  7: [(3, 0), (10, 3726), (13, 0), (14, 0), (20, 0)]
  8: [(5, 0), (2, 3162), (14, 1572), (13, 0), (17, 0)]
  9: [(20, 0), (24, 0)]
  10: [(1, 0), (7, 0), (15, 3981), (16, 2635), (23, 854), (13, 0), (24, 0)]
  11: []
  12: [(5, 0), (17, 2158)]
  13: [(2, 0), (7, 3571), (8, 3766), (10, 2820), (20, 0)]
  14: [(3, 0), (8, 0), (1, 2891), (2, 3369), (5, 1842), (7, 2641), (15, 1851), (20, 0)]
  15: [(1, 0), (6, 0), (10, 0), (14, 0), (0, 931), (4, 4579), (16, 0)]
  16: [(1, 0), (4, 0), (10, 0), (15, 4013), (21, 3550), (22, 4627), (21, 0), (23, 0)]
  17: [(3, 0), (6, 0), (12, 0), (3, 2147), (8, 1847), (19, 1207), (21, 3385)]
  18: [(1, 0), (22, 3219), (23, 1702), (24, 1415)]
  19: [(17, 0), (20, 3508), (24, 4976), (24, 0)]
  20: [(2, 0), (19, 0), (5, 1875), (7, 4053), (9, 3672), (13, 1444), (14, 2884), (21, 2259)]
  21: [(16, 0), (17, 0), (20, 0), (4, 4148), (16, 4703), (22, 395), (22, 0)]
  22: [(6, 0), (16, 0), (18, 0), (21, 0), (4, 4001), (21, 979), (24, 2846)]
  23: [(10, 0), (18, 0), (16, 3870)]
  24: [(18, 0), (19, 0), (22, 0), (9, 4102), (10, 1280), (19, 4623)]

Matriz de Capacidades Residuais inicial:
  0 1702   0   0   0   0   0   0   0   0   0   0   0   0   0 678   0   0   0   0   0   0   0   0   0
3064   0 317   0   0   0   0   0   0   0 431   0   0   0 1710 1571 2515   0 1565   0   0   0   0   0   0
  0 1804   0   0   0 1141   0   0 1085   0   0   0   0 296 2533   0   0   0   0   0 1137   0   0   0   0
  0   0   0   0   0   0   0 1449   0   0   0   0   0   0 224   0   0 1640   0   0   0   0   0   0   0
  0   0   0   0   0   0   0   0   0   0   0   0   0   0   0 3101 1312   0   0   0   0 3057 1233   0   0
  0   0 645   0   0   0 591   0 311   0   0   0 2897   0 927   0   0   0   0   0 1028   0   0   0   0
  0   0   0   0   0 156   0   0   0   0   0   0   0   0   0 865   0 1240   0   0   0   0 116   0   0
  0   0   0 679   0   0   0   0   0   0 1302   0   0 1868 1469   0   0   0   0   0 2738   0   0   0   0
  0   0 2077   0   0 2565   0   0   0   0   0   0   0 2056 814   0   0 1060   0   0   0   0   0   0   0
  0   0   0   0   0   0   0   0   0   0   0   0   0   0   0   0   0   0   0   0 1714   0   0   0 2324
  0 2433   0   0   0   0   0 2424   0   0   0   0   0 2109   0 677 739   0   0   0   0   0   0 496 1017
  0   0   0   0   0   0   0   0   0   0   0   0   0   0   0   0   0   0   0   0   0   0   0   0   0
  0   0   0   0   0 1323   0   0   0   0   0   0   0   0   0   0   0 721   0   0   0   0   0   0   0
  0   0 975   0   0   0   0 1703 1710   0 711   0   0   0   0   0   0   0   0   0 711   0   0   0   0
  0 1181 836 1444   0 915   0 1172 758   0   0   0   0   0   0 360   0   0   0   0 1096   0   0   0   0
253 1926   0   0 1478   0 536   0   0   0 3304   0   0   0 1491   0 2728   0   0   0   0   0   0   0   0
  0 1422   0   0 1104   0   0   0   0   0 1896   0   0   0   0 1285   0   0   0   0   0 3790 3045 2986   0
  0   0   0 507   0   0 550   0 787   0   0   0 1437   0   0   0   0   0   0 506   0 618   0   0   0
  0 2718   0   0   0   0   0   0   0   0   0   0   0   0   0   0   0   0   0   0   0   0 2035 919 235
  0   0   0   0   0   0   0   0   0   0   0   0   0   0   0   0   0 701   0   0 1737   0   0   0 1839
  0   0 2138   0   0 847   0 1315   0 1958   0   0   0 733 1788   0   0   0   0 1771   0 979   0   0   0
  0   0   0   0 1091   0   0   0   0   0   0   0   0   0   0   0 913 2767   0   0 1280   0 871   0   0
  0   0   0   0 2768   0 101   0   0   0   0   0   0   0   0   0 1582   0 1184   0   0 108   0   0 335
  0   0   0   0   0   0   0   0   0   0 358   0   0   0   0   0 884   0 783   0   0   0   0   0   0
  0   0   0   0   0   0   0   0   0 1778 263   0   0   0   0   0   0   0 1180 2784   0   0 2511   0   0

Matriz de Capacidades Residuais final:
  0   0   0   0   0   0   0   0   0   0   0   0   0   0   0   0   0   0   0   0   0   0   0   0   0
4766   0   0   0   0   0   0   0   0   0   0   0   0   0 1326 1571 2180   0 1330   0   0   0   0   0   0
  0 2121   0   0   0 1141   0   0 1085   0   0   0   0 296 2533   0   0   0   0   0 820   0   0   0   0
  0   0   0   0   0   0   0 1449   0   0   0   0   0   0 224   0   0 1640   0   0   0   0   0   0   0
  0   0   0   0   0   0   0   0   0   0   0   0   0   0   0 3101 1312   0   0   0   0 3057 1233   0   0
  0   0 645   0   0   0 591   0 311   0   0   0 2897   0 927   0   0   0   0   0 1028   0   0   0   0
  0   0   0   0   0 156   0   0   0   0   0   0   0   0   0 957   0 1148   0   0   0   0 116   0   0
  0   0   0 679   0   0   0   0   0   0 1302   0   0 1868 1469   0   0   0   0   0 2738   0   0   0   0
  0   0 2077   0   0 2565   0   0   0   0   0   0   0 2056 814   0   0 1060   0   0   0   0   0   0   0
  0   0   0   0   0   0   0   0   0   0   0   0   0   0   0   0   0   0   0   0 1714   0   0   0 2324
  0 2864   0   0   0   0   0 2424   0   0   0   0   0 2109   0 1263 739   0   0   0   0   0   0 496   0
  0   0   0   0   0   0   0   0   0   0   0   0   0   0   0   0   0   0   0   0   0   0   0   0   0
  0   0   0   0   0 1323   0   0   0   0   0   0   0   0   0   0   0 721   0   0   0   0   0   0   0
  0   0 975   0   0   0   0 1703 1710   0 711   0   0   0   0   0   0   0   0   0 711   0   0   0   0
  0 1565 836 1444   0 915   0 1172 758   0   0   0   0   0   0 360   0   0   0   0 712   0   0   0   0
931 1926   0   0 1478   0 444   0   0   0 2718   0   0   0 1491   0 2728   0   0   0   0   0   0   0   0
  0 1757   0   0 1104   0   0   0   0   0 1896   0   0   0   0 1285   0   0   0   0   0 3790 2710 2986   0
  0   0   0 507   0   0 642   0 787   0   0   0 1437   0   0   0   0   0   0 414   0 618   0   0   0
  0 2953   0   0   0   0   0   0   0   0   0   0   0   0   0   0   0   0   0   0   0   0 2035 919   0
  0   0   0   0   0   0   0   0   0   0   0   0   0   0   0   0   0 793   0   0 2438   0   0   0 1046
  0   0 2455   0   0 847   0 1315   0 1958   0   0   0 733 2172   0   0   0   0 1070   0 979   0   0   0
  0   0   0   0 1091   0   0   0   0   0   0   0   0   0   0   0 913 2767   0   0 1280   0 871   0   0
  0   0   0   0 2768   0 101   0   0   0   0   0   0   0   0   0 1917   0 1184   0   0 108   0   0   0
  0   0   0   0   0   0   0   0   0   0 358   0   0   0   0   0 884   0 783   0   0   0   0   0   0
  0   0   0   0   0   0   0   0   0 1778 1280   0   0   0   0   0   0   0 1415 3577   0   0 2846   0   0

Fluxo inicial: 3317L
Fluxo adicional da fonte 0 ao sumidouro 24 encontrado: 2380L
Fluxo maximo total (fluxo inicial + adicional): 3317L + 2380L = 5697L
Tempo de execucao: 0.00067185 segundos
