Caso 18

Quantidade de vertices: 64
Quantidade de arestas: 195
Fonte: 0
Sumidouro: 63

Lista de Adjacencia:
  0: [(1, 6478), (14, 3670), (21, 9694), (40, 14562), (49, 17374)]
  1: [(2, 16757), (13, 11632), (47, 19292), (50, 16981)]
  2: [(3, 16691), (14, 7727), (63, 1197)]
  3: [(5, 15428), (16, 10141), (25, 14883), (31, 5253)]
  4: [(5, 13693)]
  5: [(6, 6321), (15, 16829), (21, 5779), (22, 2954), (47, 16723), (49, 17065)]
  6: [(7, 4686), (23, 13317)]
  7: [(8, 10089), (10, 16466), (62, 9004)]
  8: [(10, 5926), (31, 10399)]
  9: [(13, 18917), (49, 12925)]
  10: [(5, 6073), (12, 13585), (49, 8164), (52, 17175)]
  11: [(26, 1602)]
  12: [(13, 5122), (39, 6456)]
  13: [(14, 13644), (28, 10409)]
  14: [(15, 17675), (20, 7256), (29, 11420), (46, 5200)]
  15: [(17, 13176), (18, 18558), (48, 17031)]
  16: [(2, 11801), (14, 18517), (45, 18972), (52, 5323)]
  17: [(18, 15253)]
  18: [(15, 13808), (19, 10213), (48, 1793), (63, 14062)]
  19: [(20, 9467), (33, 18596), (40, 4081), (60, 12862), (63, 17012)]
  20: [(1, 13278), (6, 6343), (21, 6147), (34, 12710)]
  21: [(6, 9882), (22, 5164)]
  22: [(14, 11064), (23, 11661), (36, 7583)]
  23: [(22, 12910), (24, 17024)]
  24: [(4, 10478), (11, 3371), (12, 16696), (25, 4110)]
  25: [(1, 9420), (19, 10807), (26, 11811)]
  26: [(29, 4161)]
  27: [(16, 2326), (39, 15257), (49, 10144)]
  28: [(31, 9195), (32, 12595), (36, 12174)]
  29: [(30, 9267)]
  30: [(14, 12127), (31, 16307), (42, 8531)]
  31: [(10, 17561), (21, 12555), (32, 3760)]
  32: [(10, 17084), (30, 6886), (34, 9436), (39, 18720)]
  33: [(56, 4738)]
  34: [(20, 8815), (35, 8438), (50, 15103)]
  35: [(6, 16174), (7, 6003), (36, 4473), (56, 16643)]
  36: [(1, 18743), (15, 15513), (37, 7722), (42, 1976)]
  37: [(22, 14178), (36, 18256), (39, 1795), (44, 1842), (61, 15430)]
  38: [(40, 3512), (42, 4923), (43, 13486)]
  39: [(18, 9025), (31, 17442), (40, 1196)]
  40: [(13, 11336), (19, 18599), (41, 12711)]
  41: [(43, 15127)]
  42: [(34, 14084)]
  43: [(20, 6799), (23, 5425), (36, 11908), (44, 14780)]
  44: [(18, 11423), (45, 6739)]
  45: [(7, 13258), (11, 5938), (18, 12583), (25, 19706), (42, 4986), (46, 8453), (54, 5049), (55, 18669)]
  46: [(4, 3361), (8, 17693), (47, 2591), (58, 8638), (59, 7789)]
  47: [(39, 12972), (48, 4051)]
  48: [(49, 3264)]
  49: [(50, 5270), (55, 1387)]
  50: [(1, 14837), (3, 1460), (51, 19326), (53, 13592)]
  51: [(1, 19522), (24, 4510), (30, 2508), (52, 19080), (58, 17352), (60, 15734)]
  52: [(19, 18864), (53, 18171)]
  53: [(13, 15661), (29, 10436), (54, 5499)]
  54: [(20, 5270), (55, 11570), (60, 10419)]
  55: [(29, 8132), (57, 2730)]
  56: [(30, 16388), (32, 5729), (49, 13894)]
  57: [(21, 14415), (33, 18532), (36, 6449), (58, 6292)]
  58: [(13, 3874), (36, 1098), (43, 9850), (59, 3168), (63, 17802)]
  59: [(17, 14145), (61, 14754)]
  60: [(16, 12612), (53, 6294)]
  61: [(25, 3304), (32, 6273), (58, 4286), (62, 1025)]
  62: [(0, 17590), (61, 7163), (63, 16357)]
  63: [(2, 12962), (40, 15751)]

Lista de Adjacencia com arestas reversas:
  0: [(1, 6478), (14, 3670), (21, 9694), (40, 14562), (49, 17374), (62, 0)]
  1: [(0, 0), (2, 16757), (13, 11632), (47, 19292), (50, 16981), (20, 0), (25, 0), (36, 0), (50, 0), (51, 0)]
  2: [(1, 0), (3, 16691), (14, 7727), (63, 1197), (16, 0), (63, 0)]
  3: [(2, 0), (5, 15428), (16, 10141), (25, 14883), (31, 5253), (50, 0)]
  4: [(5, 13693), (24, 0), (46, 0)]
  5: [(3, 0), (4, 0), (6, 6321), (15, 16829), (21, 5779), (22, 2954), (47, 16723), (49, 17065), (10, 0)]
  6: [(5, 0), (7, 4686), (23, 13317), (20, 0), (21, 0), (35, 0)]
  7: [(6, 0), (8, 10089), (10, 16466), (62, 9004), (35, 0), (45, 0)]
  8: [(7, 0), (10, 5926), (31, 10399), (46, 0)]
  9: [(13, 18917), (49, 12925)]
  10: [(7, 0), (8, 0), (5, 6073), (12, 13585), (49, 8164), (52, 17175), (31, 0), (32, 0)]
  11: [(26, 1602), (24, 0), (45, 0)]
  12: [(10, 0), (13, 5122), (39, 6456), (24, 0)]
  13: [(1, 0), (9, 0), (12, 0), (14, 13644), (28, 10409), (40, 0), (53, 0), (58, 0)]
  14: [(0, 0), (2, 0), (13, 0), (15, 17675), (20, 7256), (29, 11420), (46, 5200), (16, 0), (22, 0), (30, 0)]
  15: [(5, 0), (14, 0), (17, 13176), (18, 18558), (48, 17031), (18, 0), (36, 0)]
  16: [(3, 0), (2, 11801), (14, 18517), (45, 18972), (52, 5323), (27, 0), (60, 0)]
  17: [(15, 0), (18, 15253), (59, 0)]
  18: [(15, 0), (17, 0), (15, 13808), (19, 10213), (48, 1793), (63, 14062), (39, 0), (44, 0), (45, 0)]
  19: [(18, 0), (20, 9467), (33, 18596), (40, 4081), (60, 12862), (63, 17012), (25, 0), (40, 0), (52, 0)]
  20: [(14, 0), (19, 0), (1, 13278), (6, 6343), (21, 6147), (34, 12710), (34, 0), (43, 0), (54, 0)]
  21: [(0, 0), (5, 0), (20, 0), (6, 9882), (22, 5164), (31, 0), (57, 0)]
  22: [(5, 0), (21, 0), (14, 11064), (23, 11661), (36, 7583), (23, 0), (37, 0)]
  23: [(6, 0), (22, 0), (22, 12910), (24, 17024), (43, 0)]
  24: [(23, 0), (4, 10478), (11, 3371), (12, 16696), (25, 4110), (51, 0)]
  25: [(3, 0), (24, 0), (1, 9420), (19, 10807), (26, 11811), (45, 0), (61, 0)]
  26: [(11, 0), (25, 0), (29, 4161)]
  27: [(16, 2326), (39, 15257), (49, 10144)]
  28: [(13, 0), (31, 9195), (32, 12595), (36, 12174)]
  29: [(14, 0), (26, 0), (30, 9267), (53, 0), (55, 0)]
  30: [(29, 0), (14, 12127), (31, 16307), (42, 8531), (32, 0), (51, 0), (56, 0)]
  31: [(3, 0), (8, 0), (28, 0), (30, 0), (10, 17561), (21, 12555), (32, 3760), (39, 0)]
  32: [(28, 0), (31, 0), (10, 17084), (30, 6886), (34, 9436), (39, 18720), (56, 0), (61, 0)]
  33: [(19, 0), (56, 4738), (57, 0)]
  34: [(20, 0), (32, 0), (20, 8815), (35, 8438), (50, 15103), (42, 0)]
  35: [(34, 0), (6, 16174), (7, 6003), (36, 4473), (56, 16643)]
  36: [(22, 0), (28, 0), (35, 0), (1, 18743), (15, 15513), (37, 7722), (42, 1976), (37, 0), (43, 0), (57, 0), (58, 0)]
  37: [(36, 0), (22, 14178), (36, 18256), (39, 1795), (44, 1842), (61, 15430)]
  38: [(40, 3512), (42, 4923), (43, 13486)]
  39: [(12, 0), (27, 0), (32, 0), (37, 0), (18, 9025), (31, 17442), (40, 1196), (47, 0)]
  40: [(0, 0), (19, 0), (38, 0), (39, 0), (13, 11336), (19, 18599), (41, 12711), (63, 0)]
  41: [(40, 0), (43, 15127)]
  42: [(30, 0), (36, 0), (38, 0), (34, 14084), (45, 0)]
  43: [(38, 0), (41, 0), (20, 6799), (23, 5425), (36, 11908), (44, 14780), (58, 0)]
  44: [(37, 0), (43, 0), (18, 11423), (45, 6739)]
  45: [(16, 0), (44, 0), (7, 13258), (11, 5938), (18, 12583), (25, 19706), (42, 4986), (46, 8453), (54, 5049), (55, 18669)]
  46: [(14, 0), (45, 0), (4, 3361), (8, 17693), (47, 2591), (58, 8638), (59, 7789)]
  47: [(1, 0), (5, 0), (46, 0), (39, 12972), (48, 4051)]
  48: [(15, 0), (18, 0), (47, 0), (49, 3264)]
  49: [(0, 0), (5, 0), (9, 0), (10, 0), (27, 0), (48, 0), (50, 5270), (55, 1387), (56, 0)]
  50: [(1, 0), (34, 0), (49, 0), (1, 14837), (3, 1460), (51, 19326), (53, 13592)]
  51: [(50, 0), (1, 19522), (24, 4510), (30, 2508), (52, 19080), (58, 17352), (60, 15734)]
  52: [(10, 0), (16, 0), (51, 0), (19, 18864), (53, 18171)]
  53: [(50, 0), (52, 0), (13, 15661), (29, 10436), (54, 5499), (60, 0)]
  54: [(45, 0), (53, 0), (20, 5270), (55, 11570), (60, 10419)]
  55: [(45, 0), (49, 0), (54, 0), (29, 8132), (57, 2730)]
  56: [(33, 0), (35, 0), (30, 16388), (32, 5729), (49, 13894)]
  57: [(55, 0), (21, 14415), (33, 18532), (36, 6449), (58, 6292)]
  58: [(46, 0), (51, 0), (57, 0), (13, 3874), (36, 1098), (43, 9850), (59, 3168), (63, 17802), (61, 0)]
  59: [(46, 0), (58, 0), (17, 14145), (61, 14754)]
  60: [(19, 0), (51, 0), (54, 0), (16, 12612), (53, 6294)]
  61: [(37, 0), (59, 0), (25, 3304), (32, 6273), (58, 4286), (62, 1025), (62, 0)]
  62: [(7, 0), (61, 0), (0, 17590), (61, 7163), (63, 16357)]
  63: [(2, 0), (18, 0), (19, 0), (58, 0), (62, 0), (2, 12962), (40, 15751)]

Matriz de Capacidades Residuais inicial:
  0 4502   0   0   0   0   0   0   0   0   0   0   0   0 1515   0   0   0   0   0   0 2682   0   0   0   0   0   0   0   0   0   0   0   0   0   0   0   0   0   0 7564   0   0   0   0   0   0   0   0 2643   0   0   0   0   0   0   0   0   0   0   0   0 5490   0
1976   0 11068   0   0   0   0   0   0   0   0   0   0 3661   0   0   0   0   0   0 6222   0   0   0   0 7476   0   0   0   0   0   0   0   0   0   0 4949   0   0   0   0   0   0   0   0   0   0 6992   0   0 4568 15689   0   0   0   0   0   0   0   0   0   0   0   0
  0 5689   0 5250   0   0   0   0   0   0   0   0   0   0 4121   0 6013   0   0   0   0   0   0   0   0   0   0   0   0   0   0   0   0   0   0   0   0   0   0   0   0   0   0   0   0   0   0   0   0   0   0   0   0   0   0   0   0   0   0   0   0   0   0 2888
  0   0 11441   0   0 3180   0   0   0   0   0   0   0   0   0   0 7501   0   0   0   0   0   0   0   0 4399   0   0   0   0   0 1928   0   0   0   0   0   0   0   0   0   0   0   0   0   0   0   0   0   0 432   0   0   0   0   0   0   0   0   0   0   0   0   0
  0   0   0   0   0 7370   0   0   0   0   0   0   0   0   0   0   0   0   0   0   0   0   0   0 4151   0   0   0   0   0   0   0   0   0   0   0   0   0   0   0   0   0   0   0   0   0 1674   0   0   0   0   0   0   0   0   0   0   0   0   0   0   0   0   0
  0   0   0 12248 6323   0 4601   0   0   0 4873   0   0   0   0 3690   0   0   0   0   0 2700 962   0   0   0   0   0   0   0   0   0   0   0   0   0   0   0   0   0   0   0   0   0   0   0   0 12739   0 7773   0   0   0   0   0   0   0   0   0   0   0   0   0   0
  0   0   0   0   0 1720   0 899   0   0   0   0   0   0   0   0   0   0   0   0 4203 3167   0 8297   0   0   0   0   0   0   0   0   0   0   0 11153   0   0   0   0   0   0   0   0   0   0   0   0   0   0   0   0   0   0   0   0   0   0   0   0   0   0   0   0
  0   0   0   0   0   0 3787   0 5749   0 11001   0   0   0   0   0   0   0   0   0   0   0   0   0   0   0   0   0   0   0   0   0   0   0   0 3298   0   0   0   0   0   0   0   0   0 7282   0   0   0   0   0   0   0   0   0   0   0   0   0   0   0   0 6601   0
  0   0   0   0   0   0   0 4340   0   0 1486   0   0   0   0   0   0   0   0   0   0   0   0   0   0   0   0   0   0   0   0 7402   0   0   0   0   0   0   0   0   0   0   0   0   0   0 14329   0   0   0   0   0   0   0   0   0   0   0   0   0   0   0   0   0
  0   0   0   0   0   0   0   0   0   0   0   0   0 6639   0   0   0   0   0   0   0   0   0   0   0   0   0   0   0   0   0   0   0   0   0   0   0   0   0   0   0   0   0   0   0   0   0   0   0 2265   0   0   0   0   0   0   0   0   0   0   0   0   0   0
  0   0   0   0   0 1200   0 5465 4440   0   0   0 4366   0   0   0   0   0   0   0   0   0   0   0   0   0   0   0   0   0   0 14111 5204   0   0   0   0   0   0   0   0   0   0   0   0   0   0   0   0 4300   0   0 8937   0   0   0   0   0   0   0   0   0   0   0
  0   0   0   0   0   0   0   0   0   0   0   0   0   0   0   0   0   0   0   0   0   0   0   0 2108   0 281   0   0   0   0   0   0   0   0   0   0   0   0   0   0   0   0   0   0 3474   0   0   0   0   0   0   0   0   0   0   0   0   0   0   0   0   0   0
  0   0   0   0   0   0   0   0   0   0 9219   0   0 1436   0   0   0   0   0   0   0   0   0   0 8409   0   0   0   0   0   0   0   0   0   0   0   0   0   0 3541   0   0   0   0   0   0   0   0   0   0   0   0   0   0   0   0   0   0   0   0   0   0   0   0
  0 7971   0   0   0   0   0   0   0 12278   0   0 3686   0 7119   0   0   0   0   0   0   0   0   0   0   0   0   0 2154   0   0   0   0   0   0   0   0   0   0   0 4874   0   0   0   0   0   0   0   0   0   0   0   0 6662   0   0   0   0 834   0   0   0   0   0
2155   0 3606   0   0   0   0   0   0   0   0   0   0 6525   0 6854 15372   0   0   0 3015   0 6414   0   0   0   0   0   0 4750 8092   0   0   0   0   0   0   0   0   0   0   0   0   0   0   0 1736   0   0   0   0   0   0   0   0   0   0   0   0   0   0   0   0   0
  0   0   0   0   0 13139   0   0   0   0   0   0   0   0 10821   0   0 9822 8403   0   0   0   0   0   0   0   0   0   0   0   0   0   0   0   0   0 7866   0   0   0   0   0   0   0   0   0   0   0 8466   0   0   0   0   0   0   0   0   0   0   0   0   0   0   0
  0   0 5788 2640   0   0   0   0   0   0   0   0   0   0 3145   0   0   0   0   0   0   0   0   0   0   0   0 1666   0   0   0   0   0   0   0   0   0   0   0   0   0   0   0   0   0 14850   0   0   0   0   0   0 2417   0   0   0   0   0   0   0 5136   0   0   0
  0   0   0   0   0   0   0   0   0   0   0   0   0   0   0 3354   0   0 11435   0   0   0   0   0   0   0   0   0   0   0   0   0   0   0   0   0   0   0   0   0   0   0   0   0   0   0   0   0   0   0   0   0   0   0   0   0   0   0   0 5600   0   0   0   0
  0   0   0   0   0   0   0   0   0   0   0   0   0   0   0 5405   0 3818   0 2924   0   0   0   0   0   0   0   0   0   0   0   0   0   0   0   0   0   0   0 4998   0   0   0   0 7681 9727   0   0 1250   0   0   0   0   0   0   0   0   0   0   0   0   0   0 9010
  0   0   0   0   0   0   0   0   0   0   0   0   0   0   0   0   0   0 7289   0 1509   0   0   0   0 6214   0   0   0   0   0   0   0 8666   0   0   0   0   0   0 14646   0   0   0   0   0   0   0   0   0   0   0 12439   0   0   0   0   0   0   0 7674   0   0 9447
  0 7056   0   0   0   0 2140   0   0   0   0   0   0   0 4241   0   0   0   0 7958   0 3873   0   0   0   0   0   0   0   0   0   0   0   0 2782   0   0   0   0   0   0   0   0 2764   0   0   0   0   0   0   0   0   0   0 3822   0   0   0   0   0   0   0   0   0
7012   0   0   0   0 3079 6715   0   0   0   0   0   0   0   0   0   0   0   0   0 2274   0 2286   0   0   0   0   0   0   0   0 8963   0   0   0   0   0   0   0   0   0   0   0   0   0   0   0   0   0   0   0   0   0   0   0   0   0 3256   0   0   0   0   0   0
  0   0   0   0   0 1992   0   0   0   0   0   0   0   0 4650   0   0   0   0   0   0 2878   0 3966   0   0   0   0   0   0   0   0   0   0   0   0 5088 9953   0   0   0   0   0   0   0   0   0   0   0   0   0   0   0   0   0   0   0   0   0   0   0   0   0   0
  0   0   0   0   0   0 5020   0   0   0   0   0   0   0   0   0   0   0   0   0   0   0 8944   0 9782   0   0   0   0   0   0   0   0   0   0   0   0   0   0   0   0   0   0 2747   0   0   0   0   0   0   0   0   0   0   0   0   0   0   0   0   0   0   0   0
  0   0   0   0 6327   0   0   0   0   0   0 1263 8287   0   0   0   0   0   0   0   0   0   0 7242   0 3086   0   0   0   0   0   0   0   0   0   0   0   0   0   0   0   0   0   0   0   0   0   0   0   0   0 2312   0   0   0   0   0   0   0   0   0   0   0   0
  0 1944   0 10484   0   0   0   0   0   0   0   0   0   0   0   0   0   0   0 4593   0   0   0   0 1024   0 3369   0   0   0   0   0   0   0   0   0   0   0   0   0   0   0   0   0   0 6581   0   0   0   0   0   0   0   0   0   0   0   0   0   0   0 2327   0   0
  0   0   0   0   0   0   0   0   0   0   0 1321   0   0   0   0   0   0   0   0   0   0   0   0   0 8442   0   0   0 1875   0   0   0   0   0   0   0   0   0   0   0   0   0   0   0   0   0   0   0   0   0   0   0   0   0   0   0   0   0   0   0   0   0   0
  0   0   0   0   0   0   0   0   0   0   0   0   0   0   0   0 660   0   0   0   0   0   0   0   0   0   0   0   0   0   0   0   0   0   0   0   0   0   0 12130   0   0   0   0   0   0   0   0   0 4764   0   0   0   0   0   0   0   0   0   0   0   0   0   0
  0   0   0   0   0   0   0   0   0   0   0   0   0 8255   0   0   0   0   0   0   0   0   0   0   0   0   0   0   0   0   0 7208 7343   0   0   0 4254   0   0   0   0   0   0   0   0   0   0   0   0   0   0   0   0   0   0   0   0   0   0   0   0   0   0   0
  0   0   0   0   0   0   0   0   0   0   0   0   0   0 6670   0   0   0   0   0   0   0   0   0   0   0 2286   0   0   0 6705   0   0   0   0   0   0   0   0   0   0   0   0   0   0   0   0   0   0   0   0   0   0 3459   0 4313   0   0   0   0   0   0   0   0
  0   0   0   0   0   0   0   0   0   0   0   0   0   0 4035   0   0   0   0   0   0   0   0   0   0   0   0   0   0 2562   0 4570 4589   0   0   0   0   0   0   0   0   0 6174   0   0   0   0   0   0   0   0 743   0   0   0   0 5592   0   0   0   0   0   0   0
  0   0   0 3325   0   0   0   0 2997   0 3450   0   0   0   0   0   0   0   0   0   0 3592   0   0   0   0   0   0 1987   0 11737   0 2266   0   0   0   0   0   0 14179   0   0   0   0   0   0   0   0   0   0   0   0   0   0   0   0   0   0   0   0   0   0   0   0
  0   0   0   0   0   0   0   0   0   0 11880   0   0   0   0   0   0   0   0   0   0   0   0   0   0   0   0   0 5252   0 2297 1494   0   0 4705   0   0   0   0 4533   0   0   0   0   0   0   0   0   0   0   0   0   0   0   0   0 4472   0   0   0   0 2282   0   0
  0   0   0   0   0   0   0   0   0   0   0   0   0   0   0   0   0   0   0 9930   0   0   0   0   0   0   0   0   0   0   0   0   0   0   0   0   0   0   0   0   0   0   0   0   0   0   0   0   0   0   0   0   0   0   0   0 2163 14226   0   0   0   0   0   0
  0   0   0   0   0   0   0   0   0   0   0   0   0   0   0   0   0   0   0   0 6033   0   0   0   0   0   0   0   0   0   0   0 4731   0   0 4032   0   0   0   0   0   0 3411   0   0   0   0   0   0   0 3242   0   0   0   0   0   0   0   0   0   0   0   0   0
  0   0   0   0   0   0 5021 2705   0   0   0   0   0   0   0   0   0   0   0   0   0   0   0   0   0   0   0   0   0   0   0   0   0   0 4406   0 1150   0   0   0   0   0   0   0   0   0   0   0   0   0   0   0   0   0   0   0 4004   0   0   0   0   0   0   0
  0 13794   0   0   0   0   0   0   0   0   0   0   0   0   0 7647   0   0   0   0   0   0 2495   0   0   0   0   0 7920   0   0   0   0   0   0 3323   0 5547   0   0   0   0 1133 6170   0   0   0   0   0   0   0   0   0   0   0   0   0 3524 343   0   0   0   0   0
  0   0   0   0   0   0   0   0   0   0   0   0   0   0   0   0   0   0   0   0   0   0 4225   0   0   0   0   0   0   0   0   0   0   0   0   0 12709   0   0 1186   0   0   0   0 551   0   0   0   0   0   0   0   0   0   0   0   0   0   0   0   0 9208   0   0
  0   0   0   0   0   0   0   0   0   0   0   0   0   0   0   0   0   0   0   0   0   0   0   0   0   0   0   0   0   0   0   0   0   0   0   0   0   0   0   0 1815   0 1677 9987   0   0   0   0   0   0   0   0   0   0   0   0   0   0   0   0   0   0   0   0
  0   0   0   0   0   0   0   0   0   0   0   0 2915   0   0   0   0   0 4027   0   0   0   0   0   0   0   0 3127   0   0   0 3263 14187   0   0   0   0 609   0   0 684   0   0   0   0   0   0 5112   0   0   0   0   0   0   0   0   0   0   0   0   0   0   0   0
6998   0   0   0   0   0   0   0   0   0   0   0   0 6462   0   0   0   0   0 3953   0   0   0   0   0   0   0   0   0   0   0   0   0   0   0   0   0   0 1697 512   0 9354   0   0   0   0   0   0   0   0   0   0   0   0   0   0   0   0   0   0   0   0   0 5858
  0   0   0   0   0   0   0   0   0   0   0   0   0   0   0   0   0   0   0   0   0   0   0   0   0   0   0   0   0   0   0   0   0   0   0   0   0   0   0   0 3357   0   0 7686   0   0   0   0   0   0   0   0   0   0   0   0   0   0   0   0   0   0   0   0
  0   0   0   0   0   0   0   0   0   0   0   0   0   0   0   0   0   0   0   0   0   0   0   0   0   0   0   0   0   0 2357   0   0   0 10673   0 843   0 3246   0   0   0   0   0   0 1910   0   0   0   0   0   0   0   0   0   0   0   0   0   0   0   0   0   0
  0   0   0   0   0   0   0   0   0   0   0   0   0   0   0   0   0   0   0   0 4035   0   0 2678   0   0   0   0   0   0   0   0   0   0   0   0 5738   0 3499   0   0 7441   0   0 6602   0   0   0   0   0   0   0   0   0   0   0   0   0 7998   0   0   0   0   0
  0   0   0   0   0   0   0   0   0   0   0   0   0   0   0   0   0   0 3742   0   0   0   0   0   0   0   0   0   0   0   0   0   0   0   0   0   0 1291   0   0   0   0   0 8178   0 5212   0   0   0   0   0   0   0   0   0   0   0   0   0   0   0   0   0   0
  0   0   0   0   0   0   0 5976   0   0   0 2464   0   0   0   0 4122   0 2856   0   0   0   0   0   0 13125   0   0   0   0   0   0   0   0   0   0   0   0   0   0   0   0 3076   0 1527   0 1682   0   0   0   0   0   0   0 2512 6647   0   0   0   0   0   0   0   0
  0   0   0   0 1687   0   0   0 3364   0   0   0   0   0 3464   0   0   0   0   0   0   0   0   0   0   0   0   0   0   0   0   0   0   0   0   0   0   0   0   0   0   0   0   0   0 6771   0 571   0   0   0   0   0   0   0   0   0   0 2367 3134   0   0   0   0
  0 12300   0   0   0 3984   0   0   0   0   0   0   0   0   0   0   0   0   0   0   0   0   0   0   0   0   0   0   0   0   0   0   0   0   0   0   0   0   0 7860   0   0   0   0   0   0 2020   0 633   0   0   0   0   0   0   0   0   0   0   0   0   0   0   0
  0   0   0   0   0   0   0   0   0   0   0   0   0   0   0 8565   0   0 543   0   0   0   0   0   0   0   0   0   0   0   0   0   0   0   0   0   0   0   0   0   0   0   0   0   0   0   0 3418   0 2326   0   0   0   0   0   0   0   0   0   0   0   0   0   0
14731   0   0   0   0 9292   0   0   0 10660 3864   0   0   0   0   0   0   0   0   0   0   0   0   0   0   0   0 5380   0   0   0   0   0   0   0   0   0   0   0   0   0   0   0   0   0   0   0   0 938   0 2799   0   0   0   0 609 9447   0   0   0   0   0   0   0
  0 10269   0 1028   0   0   0   0   0   0   0   0   0   0   0   0   0   0   0   0   0   0   0   0   0   0   0   0   0   0   0   0   0   0 11861   0   0   0   0   0   0   0   0   0   0   0   0   0   0 2471   0 8248   0 2593   0   0   0   0   0   0   0   0   0   0
  0 3833   0   0   0   0   0   0   0   0   0   0   0   0   0   0   0   0   0   0   0   0   0   0 2198   0   0   0   0   0 1765   0   0   0   0   0   0   0   0   0   0   0   0   0   0   0   0   0   0   0 11078   0 7517   0   0   0   0   0 6127   0 9698   0   0   0
  0   0   0   0   0   0   0   0   0   0 8238   0   0   0   0   0 2906   0   0 6425   0   0   0   0   0   0   0   0   0   0   0   0   0   0   0   0   0   0   0   0   0   0   0   0   0   0   0   0   0   0   0 11563   0 11962   0   0   0   0   0   0   0   0   0   0
  0   0   0   0   0   0   0   0   0   0   0   0   0 8999   0   0   0   0   0   0   0   0   0   0   0   0   0   0   0 6977   0   0   0   0   0   0   0   0   0   0   0   0   0   0   0   0   0   0   0   0 10999   0 6209   0 3584   0   0   0   0   0 2577   0   0   0
  0   0   0   0   0   0   0   0   0   0   0   0   0   0   0   0   0   0   0   0 1448   0   0   0   0   0   0   0   0   0   0   0   0   0   0   0   0   0   0   0   0   0   0   0   0 2537   0   0   0   0   0   0   0 1915   0 7688   0   0   0   0 5568   0   0   0
  0   0   0   0   0   0   0   0   0   0   0   0   0   0   0   0   0   0   0   0   0   0   0   0   0   0   0   0   0 3819   0   0   0   0   0   0   0   0   0   0   0   0   0   0   0 12022   0   0   0 778   0   0   0   0 3882   0   0 1311   0   0   0   0   0   0
  0   0   0   0   0   0   0   0   0   0   0   0   0   0   0   0   0   0   0   0   0   0   0   0   0   0   0   0   0   0 10796   0 1257 2575   0 12639   0   0   0   0   0   0   0   0   0   0   0   0   0 4447   0   0   0   0   0   0   0   0   0   0   0   0   0   0
  0   0   0   0   0   0   0   0   0   0   0   0   0   0   0   0   0   0   0   0   0 11159   0   0   0   0   0   0   0   0   0   0   0 4306   0   0 2925   0   0   0   0   0   0   0   0   0   0   0   0   0   0   0   0   0   0 1419   0   0 1340   0   0   0   0   0
  0   0   0   0   0   0   0   0   0   0   0   0   0 3040   0   0   0   0   0   0   0   0   0   0   0   0   0   0   0   0   0   0   0   0   0   0 755   0   0   0   0   0   0 1852   0   0 6271   0   0   0   0 11225   0   0   0   0   0 4952   0 1953   0 881   0 12999
  0   0   0   0   0   0   0   0   0   0   0   0   0   0   0   0   0 8545   0   0   0   0   0   0   0   0   0   0   0   0   0   0   0   0   0   0   0   0   0   0   0   0   0   0   0   0 4655   0   0   0   0   0   0   0   0   0   0   0 1215   0   0 3252   0   0
  0   0   0   0   0   0   0   0   0   0   0   0   0   0   0   0 7476   0   0 5188   0   0   0   0   0   0   0   0   0   0   0   0   0   0   0   0   0   0   0   0   0   0   0   0   0   0   0   0   0   0   0 6036   0 3717 4851   0   0   0   0   0   0   0   0   0
  0   0   0   0   0   0   0   0   0   0   0   0   0   0   0   0   0   0   0   0   0   0   0   0   0 977   0   0   0   0   0   0 3991   0   0   0   0 6222   0   0   0   0   0   0   0   0   0   0   0   0   0   0   0   0   0   0   0   0 3405 11502   0   0 3486   0
12100   0   0   0   0   0   0 2403   0   0   0   0   0   0   0   0   0   0   0   0   0   0   0   0   0   0   0   0   0   0   0   0   0   0   0   0   0   0   0   0   0   0   0   0   0   0   0   0   0   0   0   0   0   0   0   0   0   0   0   0   0 3677   0 8785
  0   0 10074   0   0   0   0   0   0   0   0   0   0   0   0   0   0   0 5052 7565   0   0   0   0   0   0   0   0   0   0   0   0   0   0   0   0   0   0   0   0 9893   0   0   0   0   0   0   0   0   0   0   0   0   0   0   0   0   0 4803   0   0   0 7572   0

Matriz de Capacidades Residuais final:
  0   0   0   0   0   0   0   0   0   0   0   0   0   0   0   0   0   0   0   0   0   0   0   0   0   0   0   0   0   0   0   0   0   0   0   0   0   0   0   0   0   0   0   0   0   0   0   0   0   0   0   0   0   0   0   0   0   0   0   0   0   0   0   0
6478   0 8180   0   0   0   0   0   0   0   0   0   0 2827   0   0   0   0   0   0 5442   0   0   0   0 7476   0   0   0   0   0   0   0   0   0   0 4949   0   0   0   0   0   0   0   0   0   0 6992   0   0 4568 15689   0   0   0   0   0   0   0   0   0   0   0   0
  0 8577   0 5250   0   0   0   0   0   0   0   0   0   0 4121   0 6013   0   0   0   0   0   0   0   0   0   0   0   0   0   0   0   0   0   0   0   0   0   0   0   0   0   0   0   0   0   0   0   0   0   0   0   0   0   0   0   0   0   0   0   0   0   0   0
  0   0 11441   0   0 3180   0   0   0   0   0   0   0   0   0   0 7501   0   0   0   0   0   0   0   0 4399   0   0   0   0   0 1928   0   0   0   0   0   0   0   0   0   0   0   0   0   0   0   0   0   0 432   0   0   0   0   0   0   0   0   0   0   0   0   0
  0   0   0   0   0 7370   0   0   0   0   0   0   0   0   0   0   0   0   0   0   0   0   0   0 4151   0   0   0   0   0   0   0   0   0   0   0   0   0   0   0   0   0   0   0   0   0 1674   0   0   0   0   0   0   0   0   0   0   0   0   0   0   0   0   0
  0   0   0 12248 6323   0 4601   0   0   0 4873   0   0   0   0 1590   0   0   0   0   0 2700 962   0   0   0   0   0   0   0   0   0   0   0   0   0   0   0   0   0   0   0   0   0   0   0   0 12739   0 9873   0   0   0   0   0   0   0   0   0   0   0   0   0   0
  0   0   0   0   0 1720   0 899   0   0   0   0   0   0   0   0   0   0   0   0 4203 3167   0 8297   0   0   0   0   0   0   0   0   0   0   0 11153   0   0   0   0   0   0   0   0   0   0   0   0   0   0   0   0   0   0   0   0   0   0   0   0   0   0   0   0
  0   0   0   0   0   0 3787   0 5749   0 11001   0   0   0   0   0   0   0   0   0   0   0   0   0   0   0   0   0   0   0   0   0   0   0   0 3298   0   0   0   0   0   0   0   0   0 7282   0   0   0   0   0   0   0   0   0   0   0   0   0   0   0   0 6601   0
  0   0   0   0   0   0   0 4340   0   0 1486   0   0   0   0   0   0   0   0   0   0   0   0   0   0   0   0   0   0   0   0 7402   0   0   0   0   0   0   0   0   0   0   0   0   0   0 14329   0   0   0   0   0   0   0   0   0   0   0   0   0   0   0   0   0
  0   0   0   0   0   0   0   0   0   0   0   0   0 6639   0   0   0   0   0   0   0   0   0   0   0   0   0   0   0   0   0   0   0   0   0   0   0   0   0   0   0   0   0   0   0   0   0   0   0 2265   0   0   0   0   0   0   0   0   0   0   0   0   0   0
  0   0   0   0   0 1200   0 5465 4440   0   0   0 4366   0   0   0   0   0   0   0   0   0   0   0   0   0   0   0   0   0   0 14111 5204   0   0   0   0   0   0   0   0   0   0   0   0   0   0   0   0 4300   0   0 8937   0   0   0   0   0   0   0   0   0   0   0
  0   0   0   0   0   0   0   0   0   0   0   0   0   0   0   0   0   0   0   0   0   0   0   0 2108   0 281   0   0   0   0   0   0   0   0   0   0   0   0   0   0   0   0   0   0 3474   0   0   0   0   0   0   0   0   0   0   0   0   0   0   0   0   0   0
  0   0   0   0   0   0   0   0   0   0 9219   0   0 1436   0   0   0   0   0   0   0   0   0   0 8409   0   0   0   0   0   0   0   0   0   0   0   0   0   0 3541   0   0   0   0   0   0   0   0   0   0   0   0   0   0   0   0   0   0   0   0   0   0   0   0
  0 8805   0   0   0   0   0   0   0 12278   0   0 3686   0 7119   0   0   0   0   0   0   0   0   0   0   0   0   0 2154   0   0   0   0   0   0   0   0   0   0   0 4874   0   0   0   0   0   0   0   0   0   0   0   0 6662   0   0   0   0   0   0   0   0   0   0
3670   0 3606   0   0   0   0   0   0   0   0   0   0 6525   0 5339 15372   0   0   0 3015   0 6414   0   0   0   0   0   0 4750 8092   0   0   0   0   0   0   0   0   0   0   0   0   0   0   0 1736   0   0   0   0   0   0   0   0   0   0   0   0   0   0   0   0   0
  0   0   0   0   0 15239   0   0   0   0   0   0   0   0 12336   0   0 9822 4788   0   0   0   0   0   0   0   0   0   0   0   0   0   0   0   0   0 7866   0   0   0   0   0   0   0   0   0   0   0 8466   0   0   0   0   0   0   0   0   0   0   0   0   0   0   0
  0   0 5788 2640   0   0   0   0   0   0   0   0   0   0 3145   0   0   0   0   0   0   0   0   0   0   0   0 1666   0   0   0   0   0   0   0   0   0   0   0   0   0   0   0   0   0 14850   0   0   0   0   0   0 2417   0   0   0   0   0   0   0 5136   0   0   0
  0   0   0   0   0   0   0   0   0   0   0   0   0   0   0 3354   0   0 11435   0   0   0   0   0   0   0   0   0   0   0   0   0   0   0   0   0   0   0   0   0   0   0   0   0   0   0   0   0   0   0   0   0   0   0   0   0   0   0   0 5600   0   0   0   0
  0   0   0   0   0   0   0   0   0   0   0   0   0   0   0 9020   0 3818   0 2924   0   0   0   0   0   0   0   0   0   0   0   0   0   0   0   0   0   0   0 4998   0   0   0   0 7681 9727   0   0 1793   0   0   0   0   0   0   0   0   0   0   0   0   0   0 4852
  0   0   0   0   0   0   0   0   0   0   0   0   0   0   0   0   0   0 7289   0 4563   0   0   0   0 6214   0   0   0   0   0   0   0 8666   0   0   0   0   0   0 16352   0   0   0   0   0   0   0   0   0   0   0 12439   0   0   0   0   0   0   0 7674   0   0 4687
  0 7836   0   0   0   0 2140   0   0   0   0   0   0   0 4241   0   0   0   0 4904   0 6147   0   0   0   0   0   0   0   0   0   0   0   0 2782   0   0   0   0   0   0   0   0 2764   0   0   0   0   0   0   0   0   0   0 3822   0   0   0   0   0   0   0   0   0
9694   0   0   0   0 3079 6715   0   0   0   0   0   0   0   0   0   0   0   0   0   0   0 2286   0   0   0   0   0   0   0   0 8963   0   0   0   0   0   0   0   0   0   0   0   0   0   0   0   0   0   0   0   0   0   0   0   0   0 2848   0   0   0   0   0   0
  0   0   0   0   0 1992   0   0   0   0   0   0   0   0 4650   0   0   0   0   0   0 2878   0 3966   0   0   0   0   0   0   0   0   0   0   0   0 5088 9953   0   0   0   0   0   0   0   0   0   0   0   0   0   0   0   0   0   0   0   0   0   0   0   0   0   0
  0   0   0   0   0   0 5020   0   0   0   0   0   0   0   0   0   0   0   0   0   0   0 8944   0 9782   0   0   0   0   0   0   0   0   0   0   0   0   0   0   0   0   0   0 2747   0   0   0   0   0   0   0   0   0   0   0   0   0   0   0   0   0   0   0   0
  0   0   0   0 6327   0   0   0   0   0   0 1263 8287   0   0   0   0   0   0   0   0   0   0 7242   0 3086   0   0   0   0   0   0   0   0   0   0   0   0   0   0   0   0   0   0   0   0   0   0   0   0   0 2312   0   0   0   0   0   0   0   0   0   0   0   0
  0 1944   0 10484   0   0   0   0   0   0   0   0   0   0   0   0   0   0   0 4593   0   0   0   0 1024   0 3369   0   0   0   0   0   0   0   0   0   0   0   0   0   0   0   0   0   0 6581   0   0   0   0   0   0   0   0   0   0   0   0   0   0   0 2327   0   0
  0   0   0   0   0   0   0   0   0   0   0 1321   0   0   0   0   0   0   0   0   0   0   0   0   0 8442   0   0   0 1875   0   0   0   0   0   0   0   0   0   0   0   0   0   0   0   0   0   0   0   0   0   0   0   0   0   0   0   0   0   0   0   0   0   0
  0   0   0   0   0   0   0   0   0   0   0   0   0   0   0   0 660   0   0   0   0   0   0   0   0   0   0   0   0   0   0   0   0   0   0   0   0   0   0 12130   0   0   0   0   0   0   0   0   0 4764   0   0   0   0   0   0   0   0   0   0   0   0   0   0
  0   0   0   0   0   0   0   0   0   0   0   0   0 8255   0   0   0   0   0   0   0   0   0   0   0   0   0   0   0   0   0 7208 7343   0   0   0 4254   0   0   0   0   0   0   0   0   0   0   0   0   0   0   0   0   0   0   0   0   0   0   0   0   0   0   0
  0   0   0   0   0   0   0   0   0   0   0   0   0   0 6670   0   0   0   0   0   0   0   0   0   0   0 2286   0   0   0 6705   0   0   0   0   0   0   0   0   0   0   0   0   0   0   0   0   0   0   0   0   0   0 3459   0 4313   0   0   0   0   0   0   0   0
  0   0   0   0   0   0   0   0   0   0   0   0   0   0 4035   0   0   0   0   0   0   0   0   0   0   0   0   0   0 2562   0 4570 4589   0   0   0   0   0   0   0   0   0 6174   0   0   0   0   0   0   0   0 743   0   0   0   0 5592   0   0   0   0   0   0   0
  0   0   0 3325   0   0   0   0 2997   0 3450   0   0   0   0   0   0   0   0   0   0 3592   0   0   0   0   0   0 1987   0 11737   0 2266   0   0   0   0   0   0 14179   0   0   0   0   0   0   0   0   0   0   0   0   0   0   0   0   0   0   0   0   0   0   0   0
  0   0   0   0   0   0   0   0   0   0 11880   0   0   0   0   0   0   0   0   0   0   0   0   0   0   0   0   0 5252   0 2297 1494   0   0 4705   0   0   0   0 4533   0   0   0   0   0   0   0   0   0   0   0   0   0   0   0   0 4472   0   0   0   0 2282   0   0
  0   0   0   0   0   0   0   0   0   0   0   0   0   0   0   0   0   0   0 9930   0   0   0   0   0   0   0   0   0   0   0   0   0   0   0   0   0   0   0   0   0   0   0   0   0   0   0   0   0   0   0   0   0   0   0   0 2163 14226   0   0   0   0   0   0
  0   0   0   0   0   0   0   0   0   0   0   0   0   0   0   0   0   0   0   0 6033   0   0   0   0   0   0   0   0   0   0   0 4731   0   0 4032   0   0   0   0   0   0 3411   0   0   0   0   0   0   0 3242   0   0   0   0   0   0   0   0   0   0   0   0   0
  0   0   0   0   0   0 5021 2705   0   0   0   0   0   0   0   0   0   0   0   0   0   0   0   0   0   0   0   0   0   0   0   0   0   0 4406   0 1150   0   0   0   0   0   0   0   0   0   0   0   0   0   0   0   0   0   0   0 4004   0   0   0   0   0   0   0
  0 13794   0   0   0   0   0   0   0   0   0   0   0   0   0 7647   0   0   0   0   0   0 2495   0   0   0   0   0 7920   0   0   0   0   0   0 3323   0 5547   0   0   0   0 1133 6170   0   0   0   0   0   0   0   0   0   0   0   0   0 3524 343   0   0   0   0   0
  0   0   0   0   0   0   0   0   0   0   0   0   0   0   0   0   0   0   0   0   0   0 4225   0   0   0   0   0   0   0   0   0   0   0   0   0 12709   0   0 1186   0   0   0   0 551   0   0   0   0   0   0   0   0   0   0   0   0   0   0   0   0 9208   0   0
  0   0   0   0   0   0   0   0   0   0   0   0   0   0   0   0   0   0   0   0   0   0   0   0   0   0   0   0   0   0   0   0   0   0   0   0   0   0   0   0 1815   0 1677 9987   0   0   0   0   0   0   0   0   0   0   0   0   0   0   0   0   0   0   0   0
  0   0   0   0   0   0   0   0   0   0   0   0 2915   0   0   0   0   0 4027   0   0   0   0   0   0   0   0 3127   0   0   0 3263 14187   0   0   0   0 609   0   0 684   0   0   0   0   0   0 5112   0   0   0   0   0   0   0   0   0   0   0   0   0   0   0   0
14562   0   0   0   0   0   0   0   0   0   0   0   0 6462   0   0   0   0   0 2247   0   0   0   0   0   0   0   0   0   0   0   0   0   0   0   0   0   0 1697 512   0 9354   0   0   0   0   0   0   0   0   0   0   0   0   0   0   0   0   0   0   0   0   0   0
  0   0   0   0   0   0   0   0   0   0   0   0   0   0   0   0   0   0   0   0   0   0   0   0   0   0   0   0   0   0   0   0   0   0   0   0   0   0   0   0 3357   0   0 7686   0   0   0   0   0   0   0   0   0   0   0   0   0   0   0   0   0   0   0   0
  0   0   0   0   0   0   0   0   0   0   0   0   0   0   0   0   0   0   0   0   0   0   0   0   0   0   0   0   0   0 2357   0   0   0 10673   0 843   0 3246   0   0   0   0   0   0 1910   0   0   0   0   0   0   0   0   0   0   0   0   0   0   0   0   0   0
  0   0   0   0   0   0   0   0   0   0   0   0   0   0   0   0   0   0   0   0 4035   0   0 2678   0   0   0   0   0   0   0   0   0   0   0   0 5738   0 3499   0   0 7441   0   0 6602   0   0   0   0   0   0   0   0   0   0   0   0   0 7998   0   0   0   0   0
  0   0   0   0   0   0   0   0   0   0   0   0   0   0   0   0   0   0 3742   0   0   0   0   0   0   0   0   0   0   0   0   0   0   0   0   0   0 1291   0   0   0   0   0 8178   0 5212   0   0   0   0   0   0   0   0   0   0   0   0   0   0   0   0   0   0
  0   0   0   0   0   0   0 5976   0   0   0 2464   0   0   0   0 4122   0 2856   0   0   0   0   0   0 13125   0   0   0   0   0   0   0   0   0   0   0   0   0   0   0   0 3076   0 1527   0 1682   0   0   0   0   0   0   0 2512 6647   0   0   0   0   0   0   0   0
  0   0   0   0 1687   0   0   0 3364   0   0   0   0   0 3464   0   0   0   0   0   0   0   0   0   0   0   0   0   0   0   0   0   0   0   0   0   0   0   0   0   0   0   0   0   0 6771   0 571   0   0   0   0   0   0   0   0   0   0 2367 3134   0   0   0   0
  0 12300   0   0   0 3984   0   0   0   0   0   0   0   0   0   0   0   0   0   0   0   0   0   0   0   0   0   0   0   0   0   0   0   0   0   0   0   0   0 7860   0   0   0   0   0   0 2020   0 633   0   0   0   0   0   0   0   0   0   0   0   0   0   0   0
  0   0   0   0   0   0   0   0   0   0   0   0   0   0   0 8565   0   0   0   0   0   0   0   0   0   0   0   0   0   0   0   0   0   0   0   0   0   0   0   0   0   0   0   0   0   0   0 3418   0 2869   0   0   0   0   0   0   0   0   0   0   0   0   0   0
17374   0   0   0   0 7192   0   0   0 10660 3864   0   0   0   0   0   0   0   0   0   0   0   0   0   0   0   0 5380   0   0   0   0   0   0   0   0   0   0   0   0   0   0   0   0   0   0   0   0 395   0 2799   0   0   0   0 609 9447   0   0   0   0   0   0   0
  0 10269   0 1028   0   0   0   0   0   0   0   0   0   0   0   0   0   0   0   0   0   0   0   0   0   0   0   0   0   0   0   0   0   0 11861   0   0   0   0   0   0   0   0   0   0   0   0   0   0 2471   0 8248   0 2593   0   0   0   0   0   0   0   0   0   0
  0 3833   0   0   0   0   0   0   0   0   0   0   0   0   0   0   0   0   0   0   0   0   0   0 2198   0   0   0   0   0 1765   0   0   0   0   0   0   0   0   0   0   0   0   0   0   0   0   0   0   0 11078   0 7517   0   0   0   0   0 6127   0 9698   0   0   0
  0   0   0   0   0   0   0   0   0   0 8238   0   0   0   0   0 2906   0   0 6425   0   0   0   0   0   0   0   0   0   0   0   0   0   0   0   0   0   0   0   0   0   0   0   0   0   0   0   0   0   0   0 11563   0 11962   0   0   0   0   0   0   0   0   0   0
  0   0   0   0   0   0   0   0   0   0   0   0   0 8999   0   0   0   0   0   0   0   0   0   0   0   0   0   0   0 6977   0   0   0   0   0   0   0   0   0   0   0   0   0   0   0   0   0   0   0   0 10999   0 6209   0 3584   0   0   0   0   0 2577   0   0   0
  0   0   0   0   0   0   0   0   0   0   0   0   0   0   0   0   0   0   0   0 1448   0   0   0   0   0   0   0   0   0   0   0   0   0   0   0   0   0   0   0   0   0   0   0   0 2537   0   0   0   0   0   0   0 1915   0 7688   0   0   0   0 5568   0   0   0
  0   0   0   0   0   0   0   0   0   0   0   0   0   0   0   0   0   0   0   0   0   0   0   0   0   0   0   0   0 3819   0   0   0   0   0   0   0   0   0   0   0   0   0   0   0 12022   0   0   0 778   0   0   0   0 3882   0   0 1311   0   0   0   0   0   0
  0   0   0   0   0   0   0   0   0   0   0   0   0   0   0   0   0   0   0   0   0   0   0   0   0   0   0   0   0   0 10796   0 1257 2575   0 12639   0   0   0   0   0   0   0   0   0   0   0   0   0 4447   0   0   0   0   0   0   0   0   0   0   0   0   0   0
  0   0   0   0   0   0   0   0   0   0   0   0   0   0   0   0   0   0   0   0   0 11567   0   0   0   0   0   0   0   0   0   0   0 4306   0   0 2925   0   0   0   0   0   0   0   0   0   0   0   0   0   0   0   0   0   0 1419   0   0 932   0   0   0   0   0
  0   0   0   0   0   0   0   0   0   0   0   0   0 3874   0   0   0   0   0   0   0   0   0   0   0   0   0   0   0   0   0   0   0   0   0   0 755   0   0   0   0   0   0 1852   0   0 6271   0   0   0   0 11225   0   0   0   0   0 5360   0 1953   0 881   0 11757
  0   0   0   0   0   0   0   0   0   0   0   0   0   0   0   0   0 8545   0   0   0   0   0   0   0   0   0   0   0   0   0   0   0   0   0   0   0   0   0   0   0   0   0   0   0   0 4655   0   0   0   0   0   0   0   0   0   0   0 1215   0   0 3252   0   0
  0   0   0   0   0   0   0   0   0   0   0   0   0   0   0   0 7476   0   0 5188   0   0   0   0   0   0   0   0   0   0   0   0   0   0   0   0   0   0   0   0   0   0   0   0   0   0   0   0   0   0   0 6036   0 3717 4851   0   0   0   0   0   0   0   0   0
  0   0   0   0   0   0   0   0   0   0   0   0   0   0   0   0   0   0   0   0   0   0   0   0   0 977   0   0   0   0   0   0 3991   0   0   0   0 6222   0   0   0   0   0   0   0   0   0   0   0   0   0   0   0   0   0   0   0   0 3405 11502   0   0 3486   0
17590   0   0   0   0   0   0 2403   0   0   0   0   0   0   0   0   0   0   0   0   0   0   0   0   0   0   0   0   0   0   0   0   0   0   0   0   0   0   0   0   0   0   0   0   0   0   0   0   0   0   0   0   0   0   0   0   0   0   0   0   0 3677   0 3295
  0   0 12962   0   0   0   0   0   0   0   0   0   0   0   0   0   0   0 9210 12325   0   0   0   0   0   0   0   0   0   0   0   0   0   0   0   0   0   0   0   0 15751   0   0   0   0   0   0   0   0   0   0   0   0   0   0   0   0   0 6045   0   0   0 13062   0

Fluxo inicial: 44972L
Fluxo adicional da fonte 0 ao sumidouro 63 encontrado: 24396L
Fluxo maximo total (fluxo inicial + adicional): 44972L + 24396L = 69368L
Tempo de execucao: 0.00108099 segundos
