Caso 8

Quantidade de vertices: 20
Quantidade de arestas: 42
Fonte: 0
Sumidouro: 19

Lista de Adjacencia:
  0: [(1, 3608), (2, 4950), (3, 342), (5, 658), (18, 4303)]
  1: [(2, 4322), (9, 3815)]
  2: [(1, 1707), (12, 3485)]
  3: [(19, 2859)]
  4: [(8, 4574)]
  5: [(4, 3313), (10, 1237), (16, 4393)]
  6: [(10, 3179), (14, 2075), (18, 3160)]
  7: [(8, 165), (10, 667)]
  8: [(1, 1844), (17, 3621)]
  9: [(0, 1988), (3, 1002), (19, 4484)]
  10: []
  11: [(17, 3837)]
  12: [(6, 1995), (9, 2197), (16, 2729), (19, 1044)]
  13: [(9, 3761), (15, 4994), (19, 1932)]
  14: [(2, 1281), (16, 2180)]
  15: []
  16: [(2, 3899), (19, 4541)]
  17: [(0, 2491), (11, 1379)]
  18: [(6, 1162), (15, 3696)]
  19: [(4, 1541), (11, 360)]

Lista de Adjacencia com arestas reversas:
  0: [(1, 3608), (2, 4950), (3, 342), (5, 658), (18, 4303), (9, 0), (17, 0)]
  1: [(0, 0), (2, 4322), (9, 3815), (2, 0), (8, 0)]
  2: [(0, 0), (1, 0), (1, 1707), (12, 3485), (14, 0), (16, 0)]
  3: [(0, 0), (19, 2859), (9, 0)]
  4: [(8, 4574), (5, 0), (19, 0)]
  5: [(0, 0), (4, 3313), (10, 1237), (16, 4393)]
  6: [(10, 3179), (14, 2075), (18, 3160), (12, 0), (18, 0)]
  7: [(8, 165), (10, 667)]
  8: [(4, 0), (7, 0), (1, 1844), (17, 3621)]
  9: [(1, 0), (0, 1988), (3, 1002), (19, 4484), (12, 0), (13, 0)]
  10: [(5, 0), (6, 0), (7, 0)]
  11: [(17, 3837), (17, 0), (19, 0)]
  12: [(2, 0), (6, 1995), (9, 2197), (16, 2729), (19, 1044)]
  13: [(9, 3761), (15, 4994), (19, 1932)]
  14: [(6, 0), (2, 1281), (16, 2180)]
  15: [(13, 0), (18, 0)]
  16: [(5, 0), (12, 0), (14, 0), (2, 3899), (19, 4541)]
  17: [(8, 0), (11, 0), (0, 2491), (11, 1379)]
  18: [(0, 0), (6, 0), (6, 1162), (15, 3696)]
  19: [(3, 0), (9, 0), (12, 0), (13, 0), (16, 0), (4, 1541), (11, 360)]

Matriz de Capacidades Residuais inicial:
  0 2034 2302 235   0 244   0   0   0 980   0   0   0   0   0   0   0 1630 857   0
1574   0 766   0   0   0   0   0 708 2641   0   0   0   0   0   0   0   0   0   0
2648 941   0   0   0   0   0   0   0   0   0   0 1862   0 1002   0 2008   0   0   0
107   0   0   0   0   0   0   0   0 609   0   0   0   0   0   0   0   0   0 413
  0   0   0   0   0 1463   0   0 2951   0   0   0   0   0   0   0   0   0   0 703
414   0   0   0 1850   0   0   0   0   0 329   0   0   0   0   0 1450   0   0   0
  0   0   0   0   0   0   0   0   0   0 1963   0 1367   0 1340   0   0   0 419   0
  0   0   0   0   0   0   0   0 109   0 425   0   0   0   0   0   0   0   0   0
  0 1136   0   0 1623   0   0  56   0   0   0   0   0   0   0   0   0 1992   0   0
1008 1174   0 393   0   0   0   0   0   0   0   0 1135 2985   0   0   0   0   0 2973
  0   0   0   0   0 908 1216 242   0   0   0   0   0   0   0   0   0   0   0   0
  0   0   0   0   0   0   0   0   0   0   0   0   0   0   0   0   0 1037   0 274
  0   0 1623   0   0   0 628   0   0 1062   0   0   0   0   0   0 902   0   0 543
  0   0   0   0   0   0   0   0   0 776   0   0   0   0   0 3444   0   0   0 712
  0   0 279   0   0   0 735   0   0   0   0   0   0   0   0   0 1313   0   0   0
  0   0   0   0   0   0   0   0   0   0   0   0   0 1550   0   0   0   0 2863   0
  0   0 1891   0   0 2943   0   0   0   0   0   0 1827   0 867   0   0   0   0 1341
861   0   0   0   0   0   0   0 1629   0   0 342   0   0   0   0   0   0   0   0
3446   0   0   0   0   0 743   0   0   0   0   0   0   0   0 833   0   0   0   0
  0   0   0 2446 838   0   0   0   0 1511   0  86 501 1220   0   0 3200   0   0   0

Matriz de Capacidades Residuais final:
  0   0 281   0   0   0   0   0   0   0   0   0   0   0   0   0   0 897 145   0
3608   0 903   0   0   0   0   0 708 470   0   0   0   0   0   0   0   0   0   0
4669 804   0   0   0   0   0   0   0   0   0   0 1319   0 1002   0 667   0   0   0
342   0   0   0   0   0   0   0   0 787   0   0   0   0   0   0   0   0   0   0
  0   0   0   0   0 1707   0   0 3410   0   0   0   0   0   0   0   0   0   0   0
658   0   0   0 1606   0   0   0   0   0 329   0   0   0   0   0 1450   0   0   0
  0   0   0   0   0   0   0   0   0   0 1963   0 1367   0 1340   0   0   0 419   0
  0   0   0   0   0   0   0   0 109   0 425   0   0   0   0   0   0   0   0   0
  0 1136   0   0 1164   0   0  56   0   0   0   0   0   0   0   0   0 2451   0   0
1988 3345   0 215   0   0   0   0   0   0   0   0 1135 2985   0   0   0   0   0   0
  0   0   0   0   0 908 1216 242   0   0   0   0   0   0   0   0   0   0   0   0
  0   0   0   0   0   0   0   0   0   0   0   0   0   0   0   0   0 1311   0   0
  0   0 2166   0   0   0 628   0   0 1062   0   0   0   0   0   0 902   0   0   0
  0   0   0   0   0   0   0   0   0 776   0   0   0   0   0 4156   0   0   0   0
  0   0 279   0   0   0 735   0   0   0   0   0   0   0   0   0 1313   0   0   0
  0   0   0   0   0   0   0   0   0   0   0   0   0 838   0   0   0   0 3575   0
  0   0 3232   0   0 2943   0   0   0   0   0   0 1827   0 867   0   0   0   0   0
1594   0   0   0   0   0   0   0 1170   0   0  68   0   0   0   0   0   0   0   0
4158   0   0   0   0   0 743   0   0   0   0   0   0   0   0 121   0   0   0   0
  0   0   0 2859 1541   0   0   0   0 4484   0 360 1044 1932   0   0 4541   0   0   0

Fluxo inicial: 10058L
Fluxo adicional da fonte 0 ao sumidouro 19 encontrado: 6959L
Fluxo maximo total (fluxo inicial + adicional): 10058L + 6959L = 17017L
Tempo de execucao: 0.00075658 segundos
