Caso 1

Quantidade de vertices: 22
Quantidade de arestas: 44
Fonte: 0
Sumidouro: 21

Lista de Adjacencia:
  0: [(4, 2012), (6, 4265), (17, 1485), (20, 381)]
  1: [(7, 3093), (8, 2817), (14, 2552)]
  2: [(1, 3512), (3, 4000), (12, 3492), (20, 1359)]
  3: [(0, 4023), (16, 730)]
  4: []
  5: []
  6: [(8, 4349), (11, 458)]
  7: [(2, 2488), (9, 101)]
  8: [(9, 4287)]
  9: [(1, 1220), (3, 768), (18, 2462)]
  10: []
  11: [(7, 3951), (20, 4522)]
  12: [(7, 4990), (18, 3697), (19, 2093)]
  13: []
  14: [(0, 3199), (1, 2269)]
  15: [(1, 2826), (2, 2578), (5, 2239), (10, 4999), (11, 804)]
  16: [(6, 126), (7, 2953), (10, 2942), (14, 269)]
  17: [(7, 3544)]
  18: [(21, 850)]
  19: [(4, 791), (9, 1594)]
  20: []
  21: [(2, 2450), (7, 421), (15, 2893)]

Lista de Adjacencia com arestas reversas:
  0: [(4, 2012), (6, 4265), (17, 1485), (20, 381), (3, 0), (14, 0)]
  1: [(7, 3093), (8, 2817), (14, 2552), (2, 0), (9, 0), (14, 0), (15, 0)]
  2: [(1, 3512), (3, 4000), (12, 3492), (20, 1359), (7, 0), (15, 0), (21, 0)]
  3: [(2, 0), (0, 4023), (16, 730), (9, 0)]
  4: [(0, 0), (19, 0)]
  5: [(15, 0)]
  6: [(0, 0), (8, 4349), (11, 458), (16, 0)]
  7: [(1, 0), (2, 2488), (9, 101), (11, 0), (12, 0), (16, 0), (17, 0), (21, 0)]
  8: [(1, 0), (6, 0), (9, 4287)]
  9: [(7, 0), (8, 0), (1, 1220), (3, 768), (18, 2462), (19, 0)]
  10: [(15, 0), (16, 0)]
  11: [(6, 0), (7, 3951), (20, 4522), (15, 0)]
  12: [(2, 0), (7, 4990), (18, 3697), (19, 2093)]
  13: []
  14: [(1, 0), (0, 3199), (1, 2269), (16, 0)]
  15: [(1, 2826), (2, 2578), (5, 2239), (10, 4999), (11, 804), (21, 0)]
  16: [(3, 0), (6, 126), (7, 2953), (10, 2942), (14, 269)]
  17: [(0, 0), (7, 3544)]
  18: [(9, 0), (12, 0), (21, 850)]
  19: [(12, 0), (4, 791), (9, 1594)]
  20: [(0, 0), (2, 0), (11, 0)]
  21: [(18, 0), (2, 2450), (7, 421), (15, 2893)]

Matriz de Capacidades Residuais inicial:
  0   0   0 3020 1278   0 2298   0   0   0   0   0   0   0 2383   0   0 666   0   0 143   0
  0   0 2785   0   0   0   0 866 1958 597   0   0   0   0 1708 1090   0   0   0   0   0   0
  0 727   0 2022   0   0   0 1210   0   0   0   0 1338   0   0 981   0   0   0   0 624 1522
1003   0 1978   0   0   0   0   0   0 388   0   0   0   0   0   0 142   0   0   0   0   0
734   0   0   0   0   0   0   0   0   0   0   0   0   0   0   0   0   0   0 281   0   0
  0   0   0   0   0   0   0   0   0   0   0   0   0   0   0 1336   0   0   0   0   0   0
1967   0   0   0   0   0   0   0 2326   0   0 121   0   0   0   0  41   0   0   0   0   0
  0 2227 1278   0   0   0   0   0   0  46   0 1611 3654   0   0   0 2250 1723   0   0   0 362
  0 859   0   0   0   0 2023   0   0 1177   0   0   0   0   0   0   0   0   0   0   0   0
  0 623   0 380   0   0   0  55 3110   0   0   0   0   0   0   0   0   0 442 780   0   0
  0   0   0   0   0   0   0   0   0   0   0   0   0   0   0 1621 2552   0   0   0   0   0
  0   0   0   0   0   0 337 2340   0   0   0   0   0   0   0 267   0   0   0   0 2398   0
  0   0 2154   0   0   0   0 1336   0   0   0   0   0   0   0   0   0   0 1621 1375   0   0
  0   0   0   0   0   0   0   0   0   0   0   0   0   0   0   0   0   0   0   0   0   0
816 561   0   0   0   0   0   0   0   0   0   0   0   0   0   0 125   0   0   0   0   0
  0 1736 1597   0   0 903   0   0   0   0 3378 537   0   0   0   0   0   0   0   0   0 2337
  0   0   0 588   0   0  85 703   0   0 390   0   0   0 144   0   0   0   0   0   0   0
819   0   0   0   0   0   0 1821   0   0   0   0   0   0   0   0   0   0   0   0   0   0
  0   0   0   0   0   0   0   0   0 2020   0   0 2076   0   0   0   0   0   0   0   0 334
  0   0   0   0 510   0   0   0   0 814   0   0 718   0   0   0   0   0   0   0   0   0
238   0 735   0   0   0   0   0   0   0   0 2124   0   0   0   0   0   0   0   0   0   0
  0   0 928   0   0   0   0  59   0   0   0   0   0   0   0 556   0   0 516   0   0   0

Matriz de Capacidades Residuais final:
  0   0   0 566 1278   0 1607   0   0   0   0   0   0   0 1782   0   0   0   0   0   0   0
  0   0 2785   0   0   0   0 866 2487 597   0   0   0   0 2269   0   0   0   0   0   0   0
  0 727   0 4000   0   0   0 1514   0   0   0   0 1338   0   0  78   0   0   0   0 767   0
3457   0   0   0   0   0   0   0   0  54   0   0   0   0   0   0   0   0   0   0   0   0
734   0   0   0   0   0   0   0   0   0   0   0   0   0   0   0   0   0   0 281   0   0
  0   0   0   0   0   0   0   0   0   0   0   0   0   0   0 1336   0   0   0   0   0   0
2658   0   0   0   0   0   0   0 1797   0   0   0   0   0   0   0   0   0   0   0   0   0
  0 2227 974   0   0   0   0   0   0  46   0 1611 3654   0   0   0 2250 2389   0   0   0   0
  0 330   0   0   0   0 2552   0   0 1177   0   0   0   0   0   0   0   0   0   0   0   0
  0 623   0 714   0   0   0  55 3110   0   0   0   0   0   0   0   0   0 108 780   0   0
  0   0   0   0   0   0   0   0   0   0   0   0   0   0   0 1398 2775   0   0   0   0   0
  0   0   0   0   0   0 458 2340   0   0   0   0   0   0   0 146   0   0   0   0 2398   0
  0   0 2154   0   0   0   0 1336   0   0   0   0   0   0   0   0   0   0 1621 1375   0   0
  0   0   0   0   0   0   0   0   0   0   0   0   0   0   0   0   0   0   0   0   0   0
1417   0   0   0   0   0   0   0   0   0   0   0   0   0   0   0  85   0   0   0   0   0
  0 2826 2500   0   0 903   0   0   0   0 3601 658   0   0   0   0   0   0   0   0   0   0
  0   0   0 730   0   0 126 703   0   0 167   0   0   0 184   0   0   0   0   0   0   0
1485   0   0   0   0   0   0 1155   0   0   0   0   0   0   0   0   0   0   0   0   0   0
  0   0   0   0   0   0   0   0   0 2354   0   0 2076   0   0   0   0   0   0   0   0   0
  0   0   0   0 510   0   0   0   0 814   0   0 718   0   0   0   0   0   0   0   0   0
381   0 592   0   0   0   0   0   0   0   0 2124   0   0   0   0   0   0   0   0   0   0
  0   0 2450   0   0   0   0 421   0   0   0   0   0   0   0 2893   0   0 850   0   0   0

Fluxo inicial: 5577L
Fluxo adicional da fonte 0 ao sumidouro 21 encontrado: 4555L
Fluxo maximo total (fluxo inicial + adicional): 5577L + 4555L = 10132L
Tempo de execucao: 0.00070251 segundos
