Caso 14

Quantidade de vertices: 31
Quantidade de arestas: 117
Fonte: 0
Sumidouro: 30

Lista de Adjacencia:
  0: [(1, 1238), (3, 7322), (5, 1195), (6, 788), (8, 4976), (22, 4192)]
  1: [(6, 5670), (16, 5440)]
  2: [(17, 7665), (22, 1827), (27, 3195)]
  3: [(0, 4930), (25, 1526), (15, 536)]
  4: [(7, 2404), (12, 7306), (18, 1918), (27, 2530), (28, 7265)]
  5: [(3, 2410), (4, 4825), (14, 5970), (17, 483), (21, 6852)]
  6: [(12, 2539), (17, 5819), (23, 4153), (25, 5581), (29, 3977)]
  7: [(2, 6451), (15, 3307), (19, 5683), (20, 621), (21, 6711)]
  8: [(1, 7322), (3, 4991), (5, 3698), (6, 6223), (15, 4877), (23, 3583)]
  9: [(2, 4647), (3, 2517), (7, 3632), (13, 469), (17, 5218), (22, 3209)]
  10: [(3, 2838), (16, 3855), (21, 2174)]
  11: [(3, 3180), (12, 7709), (13, 2555), (20, 484), (21, 4403)]
  12: [(8, 3695), (21, 1699)]
  13: [(7, 7480), (10, 5649), (14, 779)]
  14: [(0, 4403), (8, 1630), (23, 1774)]
  15: [(4, 398), (9, 1716), (20, 7421), (28, 2901)]
  16: [(11, 506), (23, 7954)]
  17: [(10, 6825), (11, 5727)]
  18: [(10, 4087), (11, 6739)]
  19: [(0, 6901), (12, 7958), (17, 6187), (28, 4712)]
  20: [(1, 6523), (2, 2197), (16, 7578)]
  21: [(17, 7338), (19, 6902)]
  22: [(17, 583), (28, 7350)]
  23: [(4, 5217), (5, 572), (14, 3004), (17, 3704)]
  24: [(5, 1903), (9, 4066), (13, 2552), (16, 5801), (18, 4099), (23, 4811)]
  25: [(1, 4758), (3, 2419), (14, 4519), (18, 3816)]
  26: [(1, 216), (7, 3156), (2, 5313), (5, 4489), (13, 591), (19, 631)]
  27: [(6, 6841), (8, 6848), (10, 5991), (12, 559), (3, 1359)]
  28: [(1, 7687), (2, 2818), (5, 4501), (7, 3532), (20, 252)]
  29: [(2, 4858), (5, 4070), (11, 5013), (27, 7636)]
  30: []

Lista de Adjacencia com arestas reversas:
  0: [(1, 1238), (3, 7322), (5, 1195), (6, 788), (8, 4976), (22, 4192), (3, 0), (14, 0), (19, 0)]
  1: [(0, 0), (6, 5670), (16, 5440), (8, 0), (20, 0), (25, 0), (26, 0), (28, 0)]
  2: [(17, 7665), (22, 1827), (27, 3195), (7, 0), (9, 0), (20, 0), (26, 0), (28, 0), (29, 0)]
  3: [(0, 0), (0, 4930), (25, 1526), (15, 536), (5, 0), (8, 0), (9, 0), (10, 0), (11, 0), (25, 0), (27, 0)]
  4: [(7, 2404), (12, 7306), (18, 1918), (27, 2530), (28, 7265), (5, 0), (15, 0), (23, 0)]
  5: [(0, 0), (3, 2410), (4, 4825), (14, 5970), (17, 483), (21, 6852), (8, 0), (23, 0), (24, 0), (26, 0), (28, 0), (29, 0)]
  6: [(0, 0), (1, 0), (12, 2539), (17, 5819), (23, 4153), (25, 5581), (29, 3977), (8, 0), (27, 0)]
  7: [(4, 0), (2, 6451), (15, 3307), (19, 5683), (20, 621), (21, 6711), (9, 0), (13, 0), (26, 0), (28, 0)]
  8: [(0, 0), (1, 7322), (3, 4991), (5, 3698), (6, 6223), (15, 4877), (23, 3583), (12, 0), (14, 0), (27, 0)]
  9: [(2, 4647), (3, 2517), (7, 3632), (13, 469), (17, 5218), (22, 3209), (15, 0), (24, 0)]
  10: [(3, 2838), (16, 3855), (21, 2174), (13, 0), (17, 0), (18, 0), (27, 0)]
  11: [(3, 3180), (12, 7709), (13, 2555), (20, 484), (21, 4403), (16, 0), (17, 0), (18, 0), (29, 0)]
  12: [(4, 0), (6, 0), (11, 0), (8, 3695), (21, 1699), (19, 0), (27, 0)]
  13: [(9, 0), (11, 0), (7, 7480), (10, 5649), (14, 779), (24, 0), (26, 0)]
  14: [(5, 0), (13, 0), (0, 4403), (8, 1630), (23, 1774), (23, 0), (25, 0)]
  15: [(3, 0), (7, 0), (8, 0), (4, 398), (9, 1716), (20, 7421), (28, 2901)]
  16: [(1, 0), (10, 0), (11, 506), (23, 7954), (20, 0), (24, 0)]
  17: [(2, 0), (5, 0), (6, 0), (9, 0), (10, 6825), (11, 5727), (19, 0), (21, 0), (22, 0), (23, 0)]
  18: [(4, 0), (10, 4087), (11, 6739), (24, 0), (25, 0)]
  19: [(7, 0), (0, 6901), (12, 7958), (17, 6187), (28, 4712), (21, 0), (26, 0)]
  20: [(7, 0), (11, 0), (15, 0), (1, 6523), (2, 2197), (16, 7578), (28, 0)]
  21: [(5, 0), (7, 0), (10, 0), (11, 0), (12, 0), (17, 7338), (19, 6902)]
  22: [(0, 0), (2, 0), (9, 0), (17, 583), (28, 7350)]
  23: [(6, 0), (8, 0), (14, 0), (16, 0), (4, 5217), (5, 572), (14, 3004), (17, 3704), (24, 0)]
  24: [(5, 1903), (9, 4066), (13, 2552), (16, 5801), (18, 4099), (23, 4811)]
  25: [(3, 0), (6, 0), (1, 4758), (3, 2419), (14, 4519), (18, 3816)]
  26: [(1, 216), (7, 3156), (2, 5313), (5, 4489), (13, 591), (19, 631)]
  27: [(2, 0), (4, 0), (6, 6841), (8, 6848), (10, 5991), (12, 559), (3, 1359), (29, 0)]
  28: [(4, 0), (15, 0), (19, 0), (22, 0), (1, 7687), (2, 2818), (5, 4501), (7, 3532), (20, 252)]
  29: [(6, 0), (2, 4858), (5, 4070), (11, 5013), (27, 7636)]
  30: []

Matriz de Capacidades Residuais inicial:
  0 520   0 4081   0 634 428   0 2809   0   0   0   0   0 2685   0   0   0   0 3290   0   0 2757   0   0   0   0   0   0   0   0
718   0   0   0   0   0 1444   0 4667   0   0   0   0   0   0   0 2091   0   0   0 5433   0   0   0   0 1904 128   0 4007   0   0
  0   0   0   0   0   0   0 1656   0 1133   0   0   0   0   0   0   0 3564   0   0 534   0 1001   0   0   0 1494 769 1782 2668   0
849   0   0   0   0 2056   0   0 3505 997 2235 2364   0   0   0 230   0   0   0   0   0   0   0   0   0 1464   0 480   0   0   0
  0   0   0   0   0 4323   0 857   0   0   0   0 2999   0   0 221   0   0 649   0   0   0   0 3848   0   0   0 1049 858   0   0
561   0   0 354 502   0   0   0 2598   0   0   0   0   0 1392   0   0  81   0   0   0 2814   0 269 1435   0 3982   0 3266 1784   0
360 4226   0   0   0   0   0   0 3016   0   0   0 1300   0   0   0   0 3902   0   0   0   0   0 1287   0 4376   0 3852   0 2404   0
  0   0 4795   0 1547   0   0   0   0 2333   0   0   0 3484   0 1300   0   0   0 3337  75 5165   0   0   0   0 630   0 2919   0   0
2167 2655   0 1486   0 1100 3207   0   0   0   0   0 1891   0 1378 918   0   0   0   0   0   0   0 1824   0   0   0 1813   0   0   0
  0   0 3514 1520   0   0   0 1299   0   0   0   0   0 358   0 575   0 1556   0   0   0   0 1885   0 3088   0   0   0   0   0   0
  0   0   0 603   0   0   0   0   0   0   0   0   0 4679   0   0 529 5623 1904   0   0 596   0   0   0   0   0 3033   0   0   0
  0   0   0 816   0   0   0   0   0   0   0   0 4208 679   0   0 270 3871 1572   0 332 478   0   0   0   0   0   0   0 3615   0
  0   0   0   0 4307   0 1239   0 1804   0   0 3501   0   0   0   0   0   0   0 6496   0 415   0   0   0   0   0 389   0   0   0
  0   0   0   0   0   0   0 3996   0 111 970 1876   0   0 176   0   0   0   0   0   0   0   0   0 1420   0 430   0   0   0   0
1718   0   0   0   0 4578   0   0 252   0   0   0   0 603   0   0   0   0   0   0   0   0   0 2243   0 2309   0   0   0   0   0
  0   0   0 306 177   0   0 2007 3959 1141   0   0   0   0   0   0   0   0   0   0 1398   0   0   0   0   0   0   0 497   0   0
  0 3349   0   0   0   0   0   0   0   0 3326 236   0   0   0   0   0   0   0   0 3757   0   0 1931 1618   0   0   0   0   0   0
  0   0 4101   0   0 402 1917   0   0 3662 1202 1856   0   0   0   0   0   0   0 4004   0 5819 234 2506   0   0   0   0   0   0   0
  0   0   0   0 1269   0   0   0   0   0 2183 5167   0   0   0   0   0   0   0   0   0   0   0   0 2611 2315   0   0   0   0   0
3611   0   0   0   0   0   0 2346   0   0   0   0 1462   0   0   0   0 2183   0   0   0 2450   0   0   0   0 385   0 3048   0   0
  0 1090 1663   0   0   0   0 546   0   0   0 152   0   0   0 6023 3821   0   0   0   0   0   0   0   0   0   0   0 181   0   0
  0   0   0   0   0 4038   0 1546   0   0 1578 3925 1284   0   0   0   0 1519   0 4452   0   0   0   0   0   0   0   0   0   0   0
1435   0 826   0   0   0   0   0   0 1324   0   0   0   0   0   0   0 349   0   0   0   0   0   0   0   0   0   0 2384   0   0
  0   0   0   0 1369 303 2866   0 1759   0   0   0   0   0 761   0 6023 1198   0   0   0   0   0   0 1184   0   0   0   0   0   0
  0   0   0   0   0 468   0   0   0 978   0   0   0 1132   0   0 4183   0 1488   0   0   0   0 3627   0   0   0   0   0   0   0
  0 2854   0 955   0   0 1205   0   0   0   0   0   0   0 2210   0   0   0 1501   0   0   0   0   0   0   0   0   0   0   0   0
  0  88 3819   0   0 507   0 2526   0   0   0   0   0 161   0   0   0   0   0 246   0   0   0   0   0   0   0   0   0   0   0
  0   0 2426 879 1481   0 2989   0 5035   0 2958   0 170   0   0   0   0   0   0   0   0   0   0   0   0   0   0   0   0 5258   0
  0 3680 1036   0 6407 1235   0 613   0   0   0   0   0   0   0 2404   0   0   0 1664  71   0 4966   0   0   0   0   0   0   0   0
  0   0 2190   0   0 2286 1573   0   0   0   0 1398   0   0   0   0   0   0   0   0   0   0   0   0   0   0   0 2378   0   0   0
  0   0   0   0   0   0   0   0   0   0   0   0   0   0   0   0   0   0   0   0   0   0   0   0   0   0   0   0   0   0   0

Matriz de Capacidades Residuais final:
  0 520   0 4081   0 634 428   0 2809   0   0   0   0   0 2685   0   0   0   0 3290   0   0 2757   0   0   0   0   0   0   0   0
718   0   0   0   0   0 1444   0 4667   0   0   0   0   0   0   0 2091   0   0   0 5433   0   0   0   0 1904 128   0 4007   0   0
  0   0   0   0   0   0   0 1656   0 1133   0   0   0   0   0   0   0 3564   0   0 534   0 1001   0   0   0 1494 769 1782 2668   0
849   0   0   0   0 2056   0   0 3505 997 2235 2364   0   0   0 230   0   0   0   0   0   0   0   0   0 1464   0 480   0   0   0
  0   0   0   0   0 4323   0 857   0   0   0   0 2999   0   0 221   0   0 649   0   0   0   0 3848   0   0   0 1049 858   0   0
561   0   0 354 502   0   0   0 2598   0   0   0   0   0 1392   0   0  81   0   0   0 2814   0 269 1435   0 3982   0 3266 1784   0
360 4226   0   0   0   0   0   0 3016   0   0   0 1300   0   0   0   0 3902   0   0   0   0   0 1287   0 4376   0 3852   0 2404   0
  0   0 4795   0 1547   0   0   0   0 2333   0   0   0 3484   0 1300   0   0   0 3337  75 5165   0   0   0   0 630   0 2919   0   0
2167 2655   0 1486   0 1100 3207   0   0   0   0   0 1891   0 1378 918   0   0   0   0   0   0   0 1824   0   0   0 1813   0   0   0
  0   0 3514 1520   0   0   0 1299   0   0   0   0   0 358   0 575   0 1556   0   0   0   0 1885   0 3088   0   0   0   0   0   0
  0   0   0 603   0   0   0   0   0   0   0   0   0 4679   0   0 529 5623 1904   0   0 596   0   0   0   0   0 3033   0   0   0
  0   0   0 816   0   0   0   0   0   0   0   0 4208 679   0   0 270 3871 1572   0 332 478   0   0   0   0   0   0   0 3615   0
  0   0   0   0 4307   0 1239   0 1804   0   0 3501   0   0   0   0   0   0   0 6496   0 415   0   0   0   0   0 389   0   0   0
  0   0   0   0   0   0   0 3996   0 111 970 1876   0   0 176   0   0   0   0   0   0   0   0   0 1420   0 430   0   0   0   0
1718   0   0   0   0 4578   0   0 252   0   0   0   0 603   0   0   0   0   0   0   0   0   0 2243   0 2309   0   0   0   0   0
  0   0   0 306 177   0   0 2007 3959 1141   0   0   0   0   0   0   0   0   0   0 1398   0   0   0   0   0   0   0 497   0   0
  0 3349   0   0   0   0   0   0   0   0 3326 236   0   0   0   0   0   0   0   0 3757   0   0 1931 1618   0   0   0   0   0   0
  0   0 4101   0   0 402 1917   0   0 3662 1202 1856   0   0   0   0   0   0   0 4004   0 5819 234 2506   0   0   0   0   0   0   0
  0   0   0   0 1269   0   0   0   0   0 2183 5167   0   0   0   0   0   0   0   0   0   0   0   0 2611 2315   0   0   0   0   0
3611   0   0   0   0   0   0 2346   0   0   0   0 1462   0   0   0   0 2183   0   0   0 2450   0   0   0   0 385   0 3048   0   0
  0 1090 1663   0   0   0   0 546   0   0   0 152   0   0   0 6023 3821   0   0   0   0   0   0   0   0   0   0   0 181   0   0
  0   0   0   0   0 4038   0 1546   0   0 1578 3925 1284   0   0   0   0 1519   0 4452   0   0   0   0   0   0   0   0   0   0   0
1435   0 826   0   0   0   0   0   0 1324   0   0   0   0   0   0   0 349   0   0   0   0   0   0   0   0   0   0 2384   0   0
  0   0   0   0 1369 303 2866   0 1759   0   0   0   0   0 761   0 6023 1198   0   0   0   0   0   0 1184   0   0   0   0   0   0
  0   0   0   0   0 468   0   0   0 978   0   0   0 1132   0   0 4183   0 1488   0   0   0   0 3627   0   0   0   0   0   0   0
  0 2854   0 955   0   0 1205   0   0   0   0   0   0   0 2210   0   0   0 1501   0   0   0   0   0   0   0   0   0   0   0   0
  0  88 3819   0   0 507   0 2526   0   0   0   0   0 161   0   0   0   0   0 246   0   0   0   0   0   0   0   0   0   0   0
  0   0 2426 879 1481   0 2989   0 5035   0 2958   0 170   0   0   0   0   0   0   0   0   0   0   0   0   0   0   0   0 5258   0
  0 3680 1036   0 6407 1235   0 613   0   0   0   0   0   0   0 2404   0   0   0 1664  71   0 4966   0   0   0   0   0   0   0   0
  0   0 2190   0   0 2286 1573   0   0   0   0 1398   0   0   0   0   0   0   0   0   0   0   0   0   0   0   0 2378   0   0   0
  0   0   0   0   0   0   0   0   0   0   0   0   0   0   0   0   0   0   0   0   0   0   0   0   0   0   0   0   0   0   0

Fluxo inicial: 11419L

Nao foram encontrados caminhos de aumento da fonte 0 ao sumidouro 30
Tempo de execucao: 0.00004402 segundos
