Caso 16

Quantidade de vertices: 32
Quantidade de arestas: 103
Fonte: 0
Sumidouro: 31

Lista de Adjacencia:
  0: [(2, 7665), (5, 4543)]
  1: [(15, 3307), (25, 4552)]
  2: [(10, 3385), (17, 5218)]
  3: [(1, 2070)]
  4: [(7, 3371), (12, 3574), (18, 3530), (24, 2342)]
  5: [(3, 2410), (4, 4825), (14, 5970), (18, 2594), (21, 689)]
  6: [(1, 216), (17, 5819), (22, 217)]
  7: [(2, 6451), (10, 5006), (19, 5683), (20, 621)]
  8: [(3, 4991), (5, 3698), (6, 6223), (15, 4877), (23, 3583)]
  9: [(2, 4647), (3, 2517), (7, 3632), (13, 469), (17, 5218), (22, 3209)]
  10: [(9, 5831), (13, 7815), (18, 6386), (20, 3804), (29, 5900)]
  11: [(1, 5406), (3, 3180), (10, 7714)]
  12: [(4, 407), (8, 3695)]
  13: [(7, 7480), (10, 5649), (14, 779), (19, 6187)]
  14: [(0, 4403), (2, 4478), (8, 1630), (11, 3280)]
  15: [(9, 1716), (11, 4983), (16, 270), (28, 6251)]
  16: [(21, 6351), (23, 4872), (25, 2378)]
  17: [(8, 7291), (12, 5903), (21, 6813)]
  18: [(5, 6289), (26, 448)]
  19: [(0, 6901), (2, 5464), (28, 5849)]
  20: [(3, 1358), (6, 7701), (9, 5720), (18, 4565)]
  21: [(4, 4009), (11, 4976), (13, 6599), (27, 6554)]
  22: [(5, 2028), (8, 7918), (17, 583)]
  23: [(2, 7954), (4, 5217)]
  24: [(3, 6745), (13, 2552), (16, 5801), (23, 4811), (26, 2342)]
  25: [(1, 2043), (3, 2419), (14, 4519), (18, 3816)]
  26: [(2, 5313), (5, 4489), (13, 591), (19, 631)]
  27: [(6, 6841), (8, 6848)]
  28: [(1, 7687), (2, 2818), (5, 4501), (20, 252)]
  29: [(2, 4858), (5, 4070)]
  30: [(11, 5013)]
  31: [(27, 7636)]

Lista de Adjacencia com arestas reversas:
  0: [(2, 7665), (5, 4543), (14, 0), (19, 0)]
  1: [(15, 3307), (25, 4552), (3, 0), (6, 0), (11, 0), (25, 0), (28, 0)]
  2: [(0, 0), (10, 3385), (17, 5218), (7, 0), (9, 0), (14, 0), (19, 0), (23, 0), (26, 0), (28, 0), (29, 0)]
  3: [(1, 2070), (5, 0), (8, 0), (9, 0), (11, 0), (20, 0), (24, 0), (25, 0)]
  4: [(7, 3371), (12, 3574), (18, 3530), (24, 2342), (5, 0), (12, 0), (21, 0), (23, 0)]
  5: [(0, 0), (3, 2410), (4, 4825), (14, 5970), (18, 2594), (21, 689), (8, 0), (18, 0), (22, 0), (26, 0), (28, 0), (29, 0)]
  6: [(1, 216), (17, 5819), (22, 217), (8, 0), (20, 0), (27, 0)]
  7: [(4, 0), (2, 6451), (10, 5006), (19, 5683), (20, 621), (9, 0), (13, 0)]
  8: [(3, 4991), (5, 3698), (6, 6223), (15, 4877), (23, 3583), (12, 0), (14, 0), (17, 0), (22, 0), (27, 0)]
  9: [(2, 4647), (3, 2517), (7, 3632), (13, 469), (17, 5218), (22, 3209), (10, 0), (15, 0), (20, 0)]
  10: [(2, 0), (7, 0), (9, 5831), (13, 7815), (18, 6386), (20, 3804), (29, 5900), (11, 0), (13, 0)]
  11: [(1, 5406), (3, 3180), (10, 7714), (14, 0), (15, 0), (21, 0), (30, 0)]
  12: [(4, 0), (4, 407), (8, 3695), (17, 0)]
  13: [(9, 0), (10, 0), (7, 7480), (10, 5649), (14, 779), (19, 6187), (21, 0), (24, 0), (26, 0)]
  14: [(5, 0), (13, 0), (0, 4403), (2, 4478), (8, 1630), (11, 3280), (25, 0)]
  15: [(1, 0), (8, 0), (9, 1716), (11, 4983), (16, 270), (28, 6251)]
  16: [(15, 0), (21, 6351), (23, 4872), (25, 2378), (24, 0)]
  17: [(2, 0), (6, 0), (9, 0), (8, 7291), (12, 5903), (21, 6813), (22, 0)]
  18: [(4, 0), (5, 0), (10, 0), (5, 6289), (26, 448), (20, 0), (25, 0)]
  19: [(7, 0), (13, 0), (0, 6901), (2, 5464), (28, 5849), (26, 0)]
  20: [(7, 0), (10, 0), (3, 1358), (6, 7701), (9, 5720), (18, 4565), (28, 0)]
  21: [(5, 0), (16, 0), (17, 0), (4, 4009), (11, 4976), (13, 6599), (27, 6554)]
  22: [(6, 0), (9, 0), (5, 2028), (8, 7918), (17, 583)]
  23: [(8, 0), (16, 0), (2, 7954), (4, 5217), (24, 0)]
  24: [(4, 0), (3, 6745), (13, 2552), (16, 5801), (23, 4811), (26, 2342)]
  25: [(1, 0), (16, 0), (1, 2043), (3, 2419), (14, 4519), (18, 3816)]
  26: [(18, 0), (24, 0), (2, 5313), (5, 4489), (13, 591), (19, 631)]
  27: [(21, 0), (6, 6841), (8, 6848), (31, 0)]
  28: [(15, 0), (19, 0), (1, 7687), (2, 2818), (5, 4501), (20, 252)]
  29: [(10, 0), (2, 4858), (5, 4070)]
  30: [(11, 5013)]
  31: [(27, 7636)]

Matriz de Capacidades Residuais inicial:
  0   0 3716   0   0 1712   0   0   0   0   0   0   0   0 2685   0   0   0   0 3290   0   0   0   0   0   0   0   0   0   0   0   0
  0   0   0 1572   0   0 128   0   0   0   0 2088   0   0   0 890   0   0   0   0   0   0   0   0   0 831   0   0 4007   0   0   0
3949   0   0   0   0   0   0 1656   0 1133 977   0   0   0 3009   0   0 3071   0 2506   0   0   0 6997   0   0 1494   0 1782 2668   0   0
  0 498   0   0   0 2056   0   0 3505 997   0 1827   0   0   0   0   0   0   0   0 641   0   0   0 2341 1464   0   0   0   0   0   0
  0   0   0   0   0 4323   0 584   0   0   0   0 335   0   0   0   0   0 611   0   0 1554   0 3848 686   0   0   0   0   0   0   0
2831   0   0 354 502   0   0   0 2598   0   0   0   0   0 1392   0   0   0 1572   0   0 141 852   0   0   0 3982   0 3266 1784   0   0
  0  88   0   0   0   0   0   0 3016   0   0   0   0   0   0   0   0 3902   0   0 4452   0 103   0   0   0   0 3852   0   0   0   0
  0   0 4795   0 2787   0   0   0   0 2333 596   0   0 3484   0   0   0   0   0 3337  75   0   0   0   0   0   0   0   0   0   0   0
  0   0   0 1486   0 1100 3207   0   0   0   0   0 1891   0 1378 918   0 5818   0   0   0   0 3215 1824   0   0   0 1813   0   0   0   0
  0   0 3514 1520   0   0   0 1299   0   0 2925   0   0 358   0 575   0 1556   0   0 2275   0 1885   0   0   0   0   0   0   0   0   0
  0   0 2408   0   0   0   0 4410   0 2906   0 1821   0 4679   0   0   0   0 1767   0 939   0   0   0   0   0   0   0   0 2386   0   0
  0 3318   0 1353   0   0   0   0   0   0 5893   0   0   0 1629 4001   0   0   0   0   0 4390   0   0   0   0   0   0   0   0 3615   0
  0   0   0   0  72   0   0   0 1804   0   0   0   0   0   0   0   0 4403   0   0   0   0   0   0   0   0   0   0   0   0   0   0
  0   0   0   0   0   0   0 3996   0 111 970   0   0   0 176   0   0   0   0 1849   0 4376   0   0 1420   0 430   0   0   0   0   0
1718   0 1469   0   0 4578   0   0 252   0   0 1651   0 603   0   0   0   0   0   0   0   0   0   0   0 2309   0   0   0   0   0   0
  0 2417   0   0   0   0   0   0 3959 1141   0 982   0   0   0   0  64   0   0   0   0   0   0   0   0   0   0   0 4425   0   0   0
  0   0   0   0   0   0   0   0   0   0   0   0   0   0   0 206   0   0   0   0   0 1696   0 2238 1618 1094   0   0   0   0   0   0
  0   0 2147   0   0   0 1917   0 1473 3662   0   0 1500   0   0   0   0   0   0   0   0 1380 379   0   0   0   0   0   0   0   0   0
  0   0   0   0 2919 4717   0   0   0   0 4619   0   0   0   0   0   0   0   0   0 3915   0   0   0   0 2315  97   0   0   0   0   0
3611   0 2958   0   0   0   0 2346   0   0   0   0   0 4338   0   0   0   0   0   0   0   0   0   0   0   0 385   0 3811   0   0   0
  0   0   0 717   0   0 3249 546   0 3445 2865   0   0   0   0   0   0   0 650   0   0   0   0   0   0   0   0   0 181   0   0   0
  0   0   0   0 2455 548   0   0   0   0   0 586   0 2223   0   0 4655 5433   0   0   0   0   0   0   0   0   0 4691   0   0   0   0
  0   0   0   0   0 1176 114   0 4703 1324   0   0   0   0   0   0   0 204   0   0   0   0   0   0   0   0   0   0   0   0   0   0
  0   0 957   0 1369   0   0   0 1759   0   0   0   0   0   0   0 2634   0   0   0   0   0   0   0 1184   0   0   0   0   0   0   0
  0   0   0 4404 1656   0   0   0   0   0   0   0   0 1132   0   0 4183   0   0   0   0   0   0 3627   0   0 686   0   0   0   0   0
  0 1212   0 955   0   0   0   0   0   0   0   0   0   0 2210   0 1284   0 1501   0   0   0   0   0   0   0   0   0   0   0   0   0
  0   0 3819   0   0 507   0   0   0   0   0   0   0 161   0   0   0   0 351 246   0   0   0   0 1656   0   0   0   0   0   0   0
  0   0   0   0   0   0 2989   0 5035   0   0   0   0   0   0   0   0   0   0   0   0 1863   0   0   0   0   0   0   0   0   0 4983
  0 3680 1036   0   0 1235   0   0   0   0   0   0   0   0   0 1826   0   0   0 2038  71   0   0   0   0   0   0   0   0   0   0   0
  0   0 2190   0   0 2286   0   0   0   0 3514   0   0   0   0   0   0   0   0   0   0   0   0   0   0   0   0   0   0   0   0   0
  0   0   0   0   0   0   0   0   0   0   0 1398   0   0   0   0   0   0   0   0   0   0   0   0   0   0   0   0   0   0   0   0
  0   0   0   0   0   0   0   0   0   0   0   0   0   0   0   0   0   0   0   0   0   0   0   0   0   0   0 2653   0   0   0   0

Matriz de Capacidades Residuais final:
  0   0 687   0   0   0   0   0   0   0   0   0   0   0 2443   0   0   0   0 3290   0   0   0   0   0   0   0   0   0   0   0   0
  0   0   0 1572   0   0 128   0   0   0   0 2088   0   0   0 890   0   0   0   0   0   0   0   0   0 831   0   0 4007   0   0   0
6978   0   0   0   0   0   0 1656   0 1133 977   0   0   0 3009   0   0  42   0 2506   0   0   0 6997   0   0 1494   0 1782 2668   0   0
  0 498   0   0   0 2056   0   0 3505 997   0 1827   0   0   0   0   0   0   0   0 641   0   0   0 2341 1464   0   0   0   0   0   0
  0   0   0   0   0 4323   0 584   0   0   0   0 335   0   0   0   0   0 611   0   0 1554   0 3848 686   0   0   0   0   0   0   0
4543   0   0 354 502   0   0   0 1027   0   0   0   0   0 1392   0   0   0 1572   0   0   0 852   0   0   0 3982   0 3266 1784   0   0
  0  88   0   0   0   0   0   0 3016   0   0   0   0   0   0   0   0 5819   0   0 4452   0 103   0   0   0   0 1935   0   0   0   0
  0   0 4795   0 2787   0   0   0   0 2333 596   0   0 3484   0   0   0   0   0 3337  75   0   0   0   0   0   0   0   0   0   0   0
  0   0   0 1486   0 2671 3207   0   0   0   0   0 1891   0 1620 918   0 5818   0   0   0   0 3215 1824   0   0   0   0   0   0   0   0
  0   0 3514 1520   0   0   0 1299   0   0 2925   0   0 358   0 575   0 1556   0   0 2275   0 1885   0   0   0   0   0   0   0   0   0
  0   0 2408   0   0   0   0 4410   0 2906   0 1821   0 4679   0   0   0   0 1767   0 939   0   0   0   0   0   0   0   0 2386   0   0
  0 3318   0 1353   0   0   0   0   0   0 5893   0   0   0 1629 4001   0   0   0   0   0 4390   0   0   0   0   0   0   0   0 3615   0
  0   0   0   0  72   0   0   0 1804   0   0   0   0   0   0   0   0 4403   0   0   0   0   0   0   0   0   0   0   0   0   0   0
  0   0   0   0   0   0   0 3996   0 111 970   0   0   0 176   0   0   0   0 1849   0 4376   0   0 1420   0 430   0   0   0   0   0
1960   0 1469   0   0 4578   0   0  10   0   0 1651   0 603   0   0   0   0   0   0   0   0   0   0   0 2309   0   0   0   0   0   0
  0 2417   0   0   0   0   0   0 3959 1141   0 982   0   0   0   0  64   0   0   0   0   0   0   0   0   0   0   0 4425   0   0   0
  0   0   0   0   0   0   0   0   0   0   0   0   0   0   0 206   0   0   0   0   0 1696   0 2238 1618 1094   0   0   0   0   0   0
  0   0 5176   0   0   0   0   0 1473 3662   0   0 1500   0   0   0   0   0   0   0   0 268 379   0   0   0   0   0   0   0   0   0
  0   0   0   0 2919 4717   0   0   0   0 4619   0   0   0   0   0   0   0   0   0 3915   0   0   0   0 2315  97   0   0   0   0   0
3611   0 2958   0   0   0   0 2346   0   0   0   0   0 4338   0   0   0   0   0   0   0   0   0   0   0   0 385   0 3811   0   0   0
  0   0   0 717   0   0 3249 546   0 3445 2865   0   0   0   0   0   0   0 650   0   0   0   0   0   0   0   0   0 181   0   0   0
  0   0   0   0 2455 689   0   0   0   0   0 586   0 2223   0   0 4655 6545   0   0   0   0   0   0   0   0   0 3438   0   0   0   0
  0   0   0   0   0 1176 114   0 4703 1324   0   0   0   0   0   0   0 204   0   0   0   0   0   0   0   0   0   0   0   0   0   0
  0   0 957   0 1369   0   0   0 1759   0   0   0   0   0   0   0 2634   0   0   0   0   0   0   0 1184   0   0   0   0   0   0   0
  0   0   0 4404 1656   0   0   0   0   0   0   0   0 1132   0   0 4183   0   0   0   0   0   0 3627   0   0 686   0   0   0   0   0
  0 1212   0 955   0   0   0   0   0   0   0   0   0   0 2210   0 1284   0 1501   0   0   0   0   0   0   0   0   0   0   0   0   0
  0   0 3819   0   0 507   0   0   0   0   0   0   0 161   0   0   0   0 351 246   0   0   0   0 1656   0   0   0   0   0   0   0
  0   0   0   0   0   0 4906   0 6848   0   0   0   0   0   0   0   0   0   0   0   0 3116   0   0   0   0   0   0   0   0   0   0
  0 3680 1036   0   0 1235   0   0   0   0   0   0   0   0   0 1826   0   0   0 2038  71   0   0   0   0   0   0   0   0   0   0   0
  0   0 2190   0   0 2286   0   0   0   0 3514   0   0   0   0   0   0   0   0   0   0   0   0   0   0   0   0   0   0   0   0   0
  0   0   0   0   0   0   0   0   0   0   0 1398   0   0   0   0   0   0   0   0   0   0   0   0   0   0   0   0   0   0   0   0
  0   0   0   0   0   0   0   0   0   0   0   0   0   0   0   0   0   0   0   0   0   0   0   0   0   0   0 7636   0   0   0   0

Fluxo inicial: 12109L
Fluxo adicional da fonte 0 ao sumidouro 31 encontrado: 4983L
Fluxo maximo total (fluxo inicial + adicional): 12109L + 4983L = 17092L
Tempo de execucao: 0.00052089 segundos
