Caso 12

Quantidade de vertices: 40
Quantidade de arestas: 195
Fonte: 0
Sumidouro: 39

Lista de Adjacencia:
  0: [(1, 878), (32, 4274)]
  1: [(2, 2271), (4, 1365), (12, 8735), (20, 7973), (26, 6305), (39, 8922)]
  2: [(3, 1016), (16, 9287), (23, 2738), (25, 9726), (31, 6701), (38, 677)]
  3: [(4, 1976), (5, 8204), (14, 6443), (18, 5375), (23, 3192), (28, 5672), (38, 2869)]
  4: [(5, 4220), (6, 7431), (7, 4115), (10, 4420), (31, 3931), (33, 2955), (36, 6757)]
  5: [(6, 5040), (7, 3788), (13, 5631), (16, 722), (19, 8954), (20, 5673), (23, 3115)]
  6: [(7, 3283), (9, 1735), (17, 9114), (21, 4657), (24, 3267), (25, 3812), (30, 7845), (35, 1436)]
  7: [(8, 8376), (12, 7161), (27, 3162)]
  8: [(3, 1824), (9, 7728), (16, 7573), (17, 4481), (21, 8005), (30, 4094), (33, 8269), (39, 3655)]
  9: [(1, 2519), (5, 4805), (10, 9512), (11, 2349), (21, 8568), (24, 4465), (30, 2283), (38, 7890)]
  10: [(2, 4340), (11, 5771), (35, 8344)]
  11: [(12, 9158), (27, 3555), (29, 6244), (32, 1049)]
  12: [(13, 7201)]
  13: [(6, 8942), (8, 7793), (12, 7625), (14, 6801), (34, 9523)]
  14: [(3, 3123), (15, 5723), (17, 1528), (19, 3333), (22, 1966), (38, 4335)]
  15: [(0, 7472), (3, 8340), (16, 6236), (22, 3219), (34, 9462)]
  16: [(17, 3587), (18, 4455), (23, 1609), (36, 3508)]
  17: [(1, 6387), (6, 1277), (10, 7600), (21, 5681)]
  18: [(10, 1107), (14, 1127), (15, 560), (25, 6850), (34, 9461), (38, 8136), (39, 4120)]
  19: [(37, 7158)]
  20: [(4, 1063), (26, 6746), (29, 6178)]
  21: [(1, 6960), (5, 3677), (8, 5265), (22, 5191), (25, 659), (29, 9485), (35, 7386), (39, 1029)]
  22: [(2, 5247), (6, 7341), (7, 5930), (15, 2397), (23, 3584), (26, 1787), (37, 2802), (39, 4219)]
  23: [(10, 9751), (12, 5776), (24, 2209), (31, 7220)]
  24: [(12, 4421), (13, 6665), (19, 6796), (25, 8637), (31, 3006)]
  25: [(0, 5721), (2, 5712), (18, 6974), (26, 7565)]
  26: [(14, 6704), (16, 9372), (27, 1022), (30, 4114), (35, 2543)]
  27: [(6, 6134), (11, 4047), (19, 7468), (28, 9503), (36, 2329)]
  28: [(30, 3282), (34, 3810), (38, 3881), (39, 1558)]
  29: [(5, 7950)]
  30: [(1, 5723), (31, 1458)]
  31: [(6, 1491), (13, 7152), (28, 8519), (32, 2680), (35, 1520), (38, 7058)]
  32: [(20, 1391), (30, 1139), (33, 8460), (35, 3172)]
  33: [(0, 4949), (4, 5596), (7, 5292), (18, 3652), (24, 8602), (34, 9893), (39, 6227)]
  34: [(3, 5347), (17, 1666), (18, 5379), (20, 5899), (22, 1857), (36, 1834)]
  35: [(21, 3671)]
  36: [(16, 5363), (23, 7233), (30, 785), (37, 4963), (39, 3348)]
  37: [(21, 5776), (26, 1828), (30, 4180), (38, 5232)]
  38: [(7, 4587), (25, 1740), (28, 2071), (39, 8235)]
  39: [(20, 3608), (21, 5793), (22, 7710), (24, 2257), (26, 3210), (32, 2010), (38, 3279)]

Lista de Adjacencia com arestas reversas:
  0: [(1, 878), (32, 4274), (15, 0), (25, 0), (33, 0)]
  1: [(0, 0), (2, 2271), (4, 1365), (12, 8735), (20, 7973), (26, 6305), (39, 8922), (9, 0), (17, 0), (21, 0), (30, 0)]
  2: [(1, 0), (3, 1016), (16, 9287), (23, 2738), (25, 9726), (31, 6701), (38, 677), (10, 0), (22, 0), (25, 0)]
  3: [(2, 0), (4, 1976), (5, 8204), (14, 6443), (18, 5375), (23, 3192), (28, 5672), (38, 2869), (8, 0), (14, 0), (15, 0), (34, 0)]
  4: [(1, 0), (3, 0), (5, 4220), (6, 7431), (7, 4115), (10, 4420), (31, 3931), (33, 2955), (36, 6757), (20, 0), (33, 0)]
  5: [(3, 0), (4, 0), (6, 5040), (7, 3788), (13, 5631), (16, 722), (19, 8954), (20, 5673), (23, 3115), (9, 0), (21, 0), (29, 0)]
  6: [(4, 0), (5, 0), (7, 3283), (9, 1735), (17, 9114), (21, 4657), (24, 3267), (25, 3812), (30, 7845), (35, 1436), (13, 0), (17, 0), (22, 0), (27, 0), (31, 0)]
  7: [(4, 0), (5, 0), (6, 0), (8, 8376), (12, 7161), (27, 3162), (22, 0), (33, 0), (38, 0)]
  8: [(7, 0), (3, 1824), (9, 7728), (16, 7573), (17, 4481), (21, 8005), (30, 4094), (33, 8269), (39, 3655), (13, 0), (21, 0)]
  9: [(6, 0), (8, 0), (1, 2519), (5, 4805), (10, 9512), (11, 2349), (21, 8568), (24, 4465), (30, 2283), (38, 7890)]
  10: [(4, 0), (9, 0), (2, 4340), (11, 5771), (35, 8344), (17, 0), (18, 0), (23, 0)]
  11: [(9, 0), (10, 0), (12, 9158), (27, 3555), (29, 6244), (32, 1049), (27, 0)]
  12: [(1, 0), (7, 0), (11, 0), (13, 7201), (13, 0), (23, 0), (24, 0)]
  13: [(5, 0), (12, 0), (6, 8942), (8, 7793), (12, 7625), (14, 6801), (34, 9523), (24, 0), (31, 0)]
  14: [(3, 0), (13, 0), (3, 3123), (15, 5723), (17, 1528), (19, 3333), (22, 1966), (38, 4335), (18, 0), (26, 0)]
  15: [(14, 0), (0, 7472), (3, 8340), (16, 6236), (22, 3219), (34, 9462), (18, 0), (22, 0)]
  16: [(2, 0), (5, 0), (8, 0), (15, 0), (17, 3587), (18, 4455), (23, 1609), (36, 3508), (26, 0), (36, 0)]
  17: [(6, 0), (8, 0), (14, 0), (16, 0), (1, 6387), (6, 1277), (10, 7600), (21, 5681), (34, 0)]
  18: [(3, 0), (16, 0), (10, 1107), (14, 1127), (15, 560), (25, 6850), (34, 9461), (38, 8136), (39, 4120), (25, 0), (33, 0), (34, 0)]
  19: [(5, 0), (14, 0), (37, 7158), (24, 0), (27, 0)]
  20: [(1, 0), (5, 0), (4, 1063), (26, 6746), (29, 6178), (32, 0), (34, 0), (39, 0)]
  21: [(6, 0), (8, 0), (9, 0), (17, 0), (1, 6960), (5, 3677), (8, 5265), (22, 5191), (25, 659), (29, 9485), (35, 7386), (39, 1029), (35, 0), (37, 0), (39, 0)]
  22: [(14, 0), (15, 0), (21, 0), (2, 5247), (6, 7341), (7, 5930), (15, 2397), (23, 3584), (26, 1787), (37, 2802), (39, 4219), (34, 0), (39, 0)]
  23: [(2, 0), (3, 0), (5, 0), (16, 0), (22, 0), (10, 9751), (12, 5776), (24, 2209), (31, 7220), (36, 0)]
  24: [(6, 0), (9, 0), (23, 0), (12, 4421), (13, 6665), (19, 6796), (25, 8637), (31, 3006), (33, 0), (39, 0)]
  25: [(2, 0), (6, 0), (18, 0), (21, 0), (24, 0), (0, 5721), (2, 5712), (18, 6974), (26, 7565), (38, 0)]
  26: [(1, 0), (20, 0), (22, 0), (25, 0), (14, 6704), (16, 9372), (27, 1022), (30, 4114), (35, 2543), (37, 0), (39, 0)]
  27: [(7, 0), (11, 0), (26, 0), (6, 6134), (11, 4047), (19, 7468), (28, 9503), (36, 2329)]
  28: [(3, 0), (27, 0), (30, 3282), (34, 3810), (38, 3881), (39, 1558), (31, 0), (38, 0)]
  29: [(11, 0), (20, 0), (21, 0), (5, 7950)]
  30: [(6, 0), (8, 0), (9, 0), (26, 0), (28, 0), (1, 5723), (31, 1458), (32, 0), (36, 0), (37, 0)]
  31: [(2, 0), (4, 0), (23, 0), (24, 0), (30, 0), (6, 1491), (13, 7152), (28, 8519), (32, 2680), (35, 1520), (38, 7058)]
  32: [(0, 0), (11, 0), (31, 0), (20, 1391), (30, 1139), (33, 8460), (35, 3172), (39, 0)]
  33: [(4, 0), (8, 0), (32, 0), (0, 4949), (4, 5596), (7, 5292), (18, 3652), (24, 8602), (34, 9893), (39, 6227)]
  34: [(13, 0), (15, 0), (18, 0), (28, 0), (33, 0), (3, 5347), (17, 1666), (18, 5379), (20, 5899), (22, 1857), (36, 1834)]
  35: [(6, 0), (10, 0), (21, 0), (26, 0), (31, 0), (32, 0), (21, 3671)]
  36: [(4, 0), (16, 0), (27, 0), (34, 0), (16, 5363), (23, 7233), (30, 785), (37, 4963), (39, 3348)]
  37: [(19, 0), (22, 0), (36, 0), (21, 5776), (26, 1828), (30, 4180), (38, 5232)]
  38: [(2, 0), (3, 0), (9, 0), (14, 0), (18, 0), (28, 0), (31, 0), (37, 0), (7, 4587), (25, 1740), (28, 2071), (39, 8235), (39, 0)]
  39: [(1, 0), (8, 0), (18, 0), (21, 0), (22, 0), (28, 0), (33, 0), (36, 0), (38, 0), (20, 3608), (21, 5793), (22, 7710), (24, 2257), (26, 3210), (32, 2010), (38, 3279)]

Matriz de Capacidades Residuais inicial:
  0 369   0   0   0   0   0   0   0   0   0   0   0   0   0 3825   0   0   0   0   0   0   0   0   0 2858   0   0   0   0   0   0 1308 4106   0   0   0   0   0   0
509   0 1272   0 360   0   0   0   0 2030   0   0 5872   0   0   0   0 4202   0   0 1829 4019   0   0   0   0 1600   0   0   0 3055   0   0   0   0   0   0   0   0 2479
  0 999   0 637   0   0   0   0   0   0 1469   0   0   0   0   0 7428   0   0   0   0   0 2185 1281   0 3330   0   0   0   0   0 2943   0   0   0   0   0   0 393   0
  0   0 379   0 1466 5977   0   0 620   0   0   0   0   0 1257 6768   0   0 1433   0   0   0   0 2252   0   0   0   0 2742   0   0   0   0   0 2711   0   0   0 513   0
  0 1005   0 510   0 1797 5414 1464   0   0 2144   0   0   0   0   0   0   0   0   0 451   0   0   0   0   0   0   0   0   0   0 1294   0 3209   0   0 2460   0   0   0
  0   0   0 2227 2423   0 3387 1846   0 1798   0   0   0 1909   0   0 488   0   0 1571 4100 2110   0 823   0   0   0   0   0 2300   0   0   0   0   0   0   0   0   0   0
  0   0   0   0 2017 1653   0 767   0 307   0   0   0 7353   0   0   0 820   0   0   0 2991 1667   0 1738 817   0 4443   0   0 4714 985   0   0   0 773   0   0   0   0
  0   0   0   0 2651 1942 2516   0 2771   0   0   0 2813   0   0   0   0   0   0   0   0   0 3448   0   0   0   0 2170   0   0   0   0   0 4002   0   0   0   0 2156   0
  0   0   0 1204   0   0   0 5605   0 1194   0   0   0 6072   0   0 3626 2234   0   0   0 4038   0   0   0   0   0   0   0   0 1895   0   0 1685   0   0   0   0   0 674
  0 489   0   0   0 3007 1428   0 6534   0 6531 856   0   0   0   0   0   0   0   0   0 6357   0   0 1075   0   0   0   0   0 1487   0   0   0   0   0   0   0 4116   0
  0   0 2871   0 2276   0   0   0   0 2981   0 1981   0   0   0   0   0 2467 752   0   0   0   0 2297   0   0   0   0   0   0   0   0   0   0   0 2685   0   0   0   0
  0   0   0   0   0   0   0   0   0 1493 3790   0 4340   0   0   0   0   0   0   0   0   0   0   0   0   0   0 2730   0 3378   0   0 395   0   0   0   0   0   0   0
  0 2863   0   0   0   0   0 4348   0   0   0 4818   0 2645   0   0   0   0   0   0   0   0   0 3703 2052   0   0   0   0   0   0   0   0   0   0   0   0   0   0   0
  0   0   0   0   0 3722 1589   0 1721   0   0   0 4980   0 4805   0   0   0   0   0   0   0   0   0 4726   0   0   0   0   0   0 3580   0   0 6040   0   0   0   0   0
  0   0   0 1866   0   0   0   0   0   0   0   0   0 1996   0 1610   0 661 267 1126   0   0 325   0   0   0 5404   0   0   0   0   0   0   0   0   0   0   0 3296   0
3647   0   0 1572   0   0   0   0   0   0   0   0   0   0 4113   0 4116   0 406   0   0   0 924   0   0   0   0   0   0   0   0   0   0   0 1434   0   0   0   0   0
  0   0 1859   0   0 234   0   0 3947   0   0   0   0   0   0 2120   0 766 1467   0   0   0   0 497   0   0 4079   0   0   0   0   0   0   0   0   0 3857   0   0   0
  0 2185   0   0   0   0 457   0 2247   0 5133   0   0   0 867   0 2821   0   0   0   0 1673   0   0   0   0   0   0   0   0   0   0   0   0 840   0   0   0   0   0
  0   0   0 3942   0   0   0   0   0   0 355   0   0   0 860 154 2988   0   0   0   0   0   0   0   0 1521   0   0   0   0   0   0   0 2349 3425   0   0   0 4123 3102
  0   0   0   0   0 7383   0   0   0   0   0   0   0   0 2207   0   0   0   0   0   0   0   0   0 5575   0   0 3034   0   0   0   0   0   0   0   0   0 2019   0   0
  0 6144   0   0 612 1573   0   0   0   0   0   0   0   0   0   0   0   0   0   0   0   0   0   0   0   0 3242   0   0 4693   0   0 404   0 4786   0   0   0   0 848
  0 2941   0   0   0 1567 1666   0 1227 2211   0   0   0   0   0   0   0 4008   0   0   0   0 1712   0   0 464   0   0   0 3636   0   0   0   0   0 1166   0 3619   0 3049
  0   0 3062   0   0   0 5674 2482   0   0   0   0   0   0 1641 1473   0   0   0   0   0 3479   0 804   0   0 298   0   0   0   0   0   0   0 1569   0   0 2026   0 4612
  0   0 1457 940   0 2292   0   0   0   0 7454   0 2073   0   0   0 1112   0   0   0   0   0 2780   0 963   0   0   0   0   0   0 3078   0   0   0   0 5441   0   0   0
  0   0   0   0   0   0 1529   0   0 3390   0   0 2369 1939   0   0   0   0   0 1221   0   0   0 1246   0 1985   0   0   0   0   0 511   0 6459   0   0   0   0   0 1758
2863   0 2382   0   0   0 2995   0   0   0   0   0   0   0   0   0   0   0 5453   0   0 195   0   0 6652   0 1146   0   0   0   0   0   0   0   0   0   0   0 585   0
  0 4705   0   0   0   0   0   0   0   0   0   0   0   0 1300   0 5293   0   0   0 3504   0 1489   0   0 6419   0 430   0   0 2571   0   0   0   0 1280   0 938   0 1242
  0   0   0   0   0   0 1691 992   0   0   0 1317   0   0   0   0   0   0   0 4434   0   0   0   0   0   0 592   0 3666   0   0   0   0   0   0   0 1420   0   0   0
  0   0   0 2930   0   0   0   0   0   0   0   0   0   0   0   0   0   0   0   0   0   0   0   0   0   0   0 5837   0   0 2330 2860   0   0 1841   0   0   0 1707 412
  0   0   0   0   0 5650   0   0   0   0   0 2866   0   0   0   0   0   0   0   0 1485 5849   0   0   0   0   0   0   0   0   0   0   0   0   0   0   0   0   0   0
  0 2668   0   0   0   0 3131   0 2199 796   0   0   0   0   0   0   0   0   0   0   0   0   0   0   0   0 1543   0 952   0   0 419 581   0   0   0 478 1981   0   0
  0   0 3758   0 2637   0 506   0   0   0   0   0   0 3572   0   0   0   0   0   0   0   0   0 4142 2495   0   0   0 5659   0 1039   0 508   0   0 673   0   0 1546   0
2966   0   0   0   0   0   0   0   0   0   0 654   0   0   0   0   0   0   0   0 987   0   0   0   0   0   0   0   0   0 558 2172   0 1983   0 1546   0   0   0 1064
843   0   0   0 2387   0   0 1290 6584   0   0   0   0   0   0   0   0   0 1303   0   0   0   0   0 2143   0   0   0   0   0   0   0 6477   0 4801   0   0   0   0 3173
  0   0   0 2636   0   0   0   0   0   0   0   0   0 3483   0 8028   0 826 1954   0 1113   0 288   0   0   0   0   0 1969   0   0   0   0 5092   0   0 824   0   0   0
  0   0   0   0   0   0 663   0   0   0 5659   0   0   0   0   0   0   0   0   0   0 2505   0   0   0   0 1263   0   0   0   0 847 1626   0   0   0   0   0   0   0
  0   0   0   0 4297   0   0   0   0   0   0   0   0   0   0   0 1506   0   0   0   0   0   0 1792   0   0   0 909   0   0 307   0   0   0 1010   0   0 746   0 1641
  0   0   0   0   0   0   0   0   0   0   0   0   0   0   0   0   0   0   0 5139   0 2157 776   0   0   0 890   0   0   0 2199   0   0   0   0   0 4217   0 3388   0
  0   0 284 2356   0   0   0 2431   0 3774   0   0   0   0 1039   0   0   0 4013   0   0   0   0   0   0 1155   0   0 364   0   0 5512   0   0   0   0   0 1844   0 1375
  0 6443   0   0   0   0   0   0 2981   0   0   0   0   0   0   0   0   0 1018   0 2760 2744 3098   0 499   0 1968   0 1146   0   0   0 946 3054   0   0 1707   0 1904   0

Matriz de Capacidades Residuais final:
  0   0   0   0   0   0   0   0   0   0   0   0   0   0   0   0   0   0   0   0   0   0   0   0   0   0   0   0   0   0   0   0   0   0   0   0   0   0   0   0
878   0 1272   0 360   0   0   0   0 2030   0   0 5872   0   0   0   0 4202   0   0 1829 4019   0   0   0   0 1600   0   0   0 3055   0   0   0   0   0   0   0   0 2110
  0 999   0 637   0   0   0   0   0   0 1469   0   0   0   0   0 7428   0   0   0   0   0 2185 1281   0 3330   0   0   0   0   0 2943   0   0   0   0   0   0 393   0
  0   0 379   0 1466 5977   0   0 620   0   0   0   0   0 1257 6768   0   0 1433   0   0   0   0 2252   0   0   0   0 2742   0   0   0   0   0 2711   0   0   0 513   0
  0 1005   0 510   0 1797 5414 1464   0   0 2144   0   0   0   0   0   0   0   0   0 451   0   0   0   0   0   0   0   0   0   0 1294   0 3209   0   0 2460   0   0   0
  0   0   0 2227 2423   0 3387 1846   0 1798   0   0   0 1909   0   0 488   0   0 1571 4100 2110   0 823   0   0   0   0   0 2300   0   0   0   0   0   0   0   0   0   0
  0   0   0   0 2017 1653   0 767   0 307   0   0   0 7353   0   0   0 820   0   0   0 2991 1667   0 1738 817   0 4443   0   0 4714 985   0   0   0 773   0   0   0   0
  0   0   0   0 2651 1942 2516   0 2771   0   0   0 2813   0   0   0   0   0   0   0   0   0 3448   0   0   0   0 2170   0   0   0   0   0 4002   0   0   0   0 2156   0
  0   0   0 1204   0   0   0 5605   0 1194   0   0   0 6072   0   0 3626 2234   0   0   0 4038   0   0   0   0   0   0   0   0 1895   0   0 2359   0   0   0   0   0   0
  0 489   0   0   0 3007 1428   0 6534   0 6531 856   0   0   0   0   0   0   0   0   0 6357   0   0 1075   0   0   0   0   0 1487   0   0   0   0   0   0   0 4116   0
  0   0 2871   0 2276   0   0   0   0 2981   0 1981   0   0   0   0   0 2467 752   0   0   0   0 2297   0   0   0   0   0   0   0   0   0   0   0 2685   0   0   0   0
  0   0   0   0   0   0   0   0   0 1493 3790   0 4340   0   0   0   0   0   0   0   0   0   0   0   0   0   0 2730   0 3378   0   0 395   0   0   0   0   0   0   0
  0 2863   0   0   0   0   0 4348   0   0   0 4818   0 2645   0   0   0   0   0   0   0   0   0 3703 2052   0   0   0   0   0   0   0   0   0   0   0   0   0   0   0
  0   0   0   0   0 3722 1589   0 1721   0   0   0 4980   0 4805   0   0   0   0   0   0   0   0   0 4726   0   0   0   0   0   0 3580   0   0 6040   0   0   0   0   0
  0   0   0 1866   0   0   0   0   0   0   0   0   0 1996   0 4105   0 661 267 1126   0   0   0   0   0   0 4609   0   0   0   0   0   0   0   0   0   0   0 1921   0
7472   0   0 1572   0   0   0   0   0   0   0   0   0   0 1618   0 4116   0   0   0   0   0   0   0   0   0   0   0   0   0   0   0   0   0 1434   0   0   0   0   0
  0   0 1859   0   0 234   0   0 3947   0   0   0   0   0   0 2120   0 766 1467   0   0   0   0 497   0   0 4079   0   0   0   0   0   0   0   0   0 3857   0   0   0
  0 2185   0   0   0   0 457   0 2247   0 5133   0   0   0 867   0 2821   0   0   0   0 1673   0   0   0   0   0   0   0   0   0   0   0   0 840   0   0   0   0   0
  0   0   0 3942   0   0   0   0   0   0 355   0   0   0 860 560 2988   0   0   0   0   0   0   0   0 4217   0   0   0   0   0   0   0 2349 3425   0   0   0 4123   0
  0   0   0   0   0 7383   0   0   0   0   0   0   0   0 2207   0   0   0   0   0   0   0   0   0 5575   0   0 3034   0   0   0   0   0   0   0   0   0 2019   0   0
  0 6144   0   0 612 1573   0   0   0   0   0   0   0   0   0   0   0   0   0   0   0   0   0   0   0   0 3242   0   0 4693   0   0 648   0 4786   0   0   0   0 604
  0 2941   0   0   0 1567 1666   0 1227 2211   0   0   0   0   0   0   0 4008   0   0   0   0 1712   0   0 626   0   0   0 3636   0   0   0   0   0 1166   0 3619   0 2887
  0   0 3062   0   0   0 5674 2482   0   0   0   0   0   0 1966 2397   0   0   0   0   0 3479   0 804   0   0 298   0   0   0   0   0   0   0 1569   0   0 2026   0 3363
  0   0 1457 940   0 2292   0   0   0   0 7454   0 2073   0   0   0 1112   0   0   0   0   0 2780   0 963   0   0   0   0   0   0 3078   0   0   0   0 5441   0   0   0
  0   0   0   0   0   0 1529   0   0 3390   0   0 2369 1939   0   0   0   0   0 1221   0   0   0 1246   0 1985   0   0   0   0   0 511   0 6718   0   0   0   0   0 1499
5721   0 2382   0   0   0 2995   0   0   0   0   0   0   0   0   0   0   0 2757   0   0  33   0   0 6652   0 1146   0   0   0   0   0   0   0   0   0   0   0 585   0
  0 4705   0   0   0   0   0   0   0   0   0   0   0   0 2095   0 5293   0   0   0 3504   0 1489   0   0 6419   0 430   0   0 2571   0   0   0   0 1280   0 938   0 447
  0   0   0   0   0   0 1691 992   0   0   0 1317   0   0   0   0   0   0   0 4434   0   0   0   0   0   0 592   0 3666   0   0   0   0   0   0   0 1420   0   0   0
  0   0   0 2930   0   0   0   0   0   0   0   0   0   0   0   0   0   0   0   0   0   0   0   0   0   0   0 5837   0   0 2330 2860   0   0 1841   0   0   0 1707 412
  0   0   0   0   0 5650   0   0   0   0   0 2866   0   0   0   0   0   0   0   0 1485 5849   0   0   0   0   0   0   0   0   0   0   0   0   0   0   0   0   0   0
  0 2668   0   0   0   0 3131   0 2199 796   0   0   0   0   0   0   0   0   0   0   0   0   0   0   0   0 1543   0 952   0   0 419 581   0   0   0 478 1981   0   0
  0   0 3758   0 2637   0 506   0   0   0   0   0   0 3572   0   0   0   0   0   0   0   0   0 4142 2495   0   0   0 5659   0 1039   0 508   0   0 673   0   0 1546   0
4274   0   0   0   0   0   0   0   0   0   0 654   0   0   0   0   0   0   0   0 743   0   0   0   0   0   0   0   0   0 558 2172   0 1983   0 1546   0   0   0   0
4949   0   0   0 2387   0   0 1290 5910   0   0   0   0   0   0   0   0   0 1303   0   0   0   0   0 1884   0   0   0   0   0   0   0 6477   0 4801   0   0   0   0   0
  0   0   0 2636   0   0   0   0   0   0   0   0   0 3483   0 8028   0 826 1954   0 1113   0 288   0   0   0   0   0 1969   0   0   0   0 5092   0   0 824   0   0   0
  0   0   0   0   0   0 663   0   0   0 5659   0   0   0   0   0   0   0   0   0   0 2505   0   0   0   0 1263   0   0   0   0 847 1626   0   0   0   0   0   0   0
  0   0   0   0 4297   0   0   0   0   0   0   0   0   0   0   0 1506   0   0   0   0   0   0 1792   0   0   0 909   0   0 307   0   0   0 1010   0   0 746   0 1641
  0   0   0   0   0   0   0   0   0   0   0   0   0   0   0   0   0   0   0 5139   0 2157 776   0   0   0 890   0   0   0 2199   0   0   0   0   0 4217   0 3388   0
  0   0 284 2356   0   0   0 2431   0 3774   0   0   0   0 2414   0   0   0 4013   0   0   0   0   0   0 1155   0   0 364   0   0 5512   0   0   0   0   0 1844   0   0
  0 6812   0   0   0   0   0   0 3655   0   0   0   0   0   0   0   0   0 4120   0 3004 2906 4347   0 758   0 2763   0 1146   0   0   0 2010 6227   0   0 1707   0 3279   0

Fluxo inicial: 10828L
Fluxo adicional da fonte 0 ao sumidouro 39 encontrado: 12466L
Fluxo maximo total (fluxo inicial + adicional): 10828L + 12466L = 23294L
Tempo de execucao: 0.00022490 segundos
