Caso 13

Quantidade de vertices: 35
Quantidade de arestas: 163
Fonte: 0
Sumidouro: 34

Lista de Adjacencia:
  0: [(1, 7164), (3, 3236), (4, 7227), (6, 7468), (15, 6788), (25, 2172)]
  1: [(5, 7069), (7, 5176), (17, 2133)]
  2: [(22, 7552), (23, 4831)]
  3: [(1, 1133), (5, 2154), (9, 7808), (10, 594), (23, 5851), (25, 4475)]
  4: [(0, 4578), (2, 2503), (18, 3698), (20, 2199), (21, 3460), (30, 5236)]
  5: [(3, 4172), (14, 3979), (17, 7622), (28, 4106)]
  6: [(18, 7277), (22, 553), (24, 3580)]
  7: [(3, 2070), (4, 582), (6, 5650), (10, 2315), (12, 7954), (24, 5519), (30, 7915)]
  8: [(11, 390), (13, 408), (21, 4485), (26, 2305)]
  9: [(2, 4066), (5, 2933), (10, 3270), (17, 6833), (21, 7083), (24, 4945), (27, 6591)]
  10: [(13, 7815), (17, 2259), (28, 4125)]
  11: [(3, 4129), (6, 3034), (13, 6411), (14, 5328), (15, 2855), (20, 2934), (23, 4057), (24, 3532), (29, 2038)]
  12: [(2, 4639), (11, 5082), (14, 6202), (18, 2056), (21, 7367)]
  13: [(7, 1365), (10, 1528), (11, 5013), (19, 6187), (25, 3482)]
  14: [(5, 1989), (10, 4220), (12, 6605), (17, 2435), (19, 261), (23, 2076), (31, 1698)]
  15: [(8, 1367), (11, 4268), (29, 334)]
  16: [(2, 6301), (11, 1466), (12, 7959), (13, 459), (20, 6393), (21, 6848), (24, 1673), (28, 4744)]
  17: [(23, 3704), (27, 2577), (29, 6428)]
  18: [(5, 4496), (13, 268), (15, 2872), (19, 2315), (25, 5683), (29, 3672)]
  19: [(3, 534), (4, 4768), (6, 3636), (12, 3673), (17, 6825), (32, 3762)]
  20: [(2, 3424), (5, 2147), (18, 786), (23, 1729), (31, 6391)]
  21: [(17, 7338), (27, 3448)]
  22: [(4, 1937), (10, 3939), (18, 2085), (28, 7350)]
  23: [(1, 4543), (15, 677), (18, 2977), (28, 548)]
  24: [(2, 2493), (5, 1903), (7, 1978), (9, 4066), (18, 4099)]
  25: [(1, 4758), (10, 7109), (16, 3394), (21, 2617), (23, 3584), (31, 7760)]
  26: [(1, 4872), (11, 7578), (12, 4022), (15, 2649), (21, 7336), (22, 2486), (27, 7636), (31, 4242)]
  27: [(1, 6586), (3, 4542), (11, 4118), (13, 4003), (16, 1957), (24, 3762)]
  28: [(34, 2374)]
  29: [(3, 711), (5, 1104), (17, 2101), (19, 6902), (27, 6878)]
  30: [(14, 3624), (19, 3757), (33, 252)]
  31: [(34, 4683), (28, 5682)]
  32: [(15, 3728), (23, 4810), (30, 763), (4, 4719), (17, 6445), (34, 3217)]
  33: [(28, 3570), (34, 3302)]
  34: [(1, 5471)]

Lista de Adjacencia com arestas reversas:
  0: [(1, 7164), (3, 3236), (4, 7227), (6, 7468), (15, 6788), (25, 2172), (4, 0)]
  1: [(0, 0), (5, 7069), (7, 5176), (17, 2133), (3, 0), (23, 0), (25, 0), (26, 0), (27, 0), (34, 0)]
  2: [(22, 7552), (23, 4831), (4, 0), (9, 0), (12, 0), (16, 0), (20, 0), (24, 0)]
  3: [(0, 0), (1, 1133), (5, 2154), (9, 7808), (10, 594), (23, 5851), (25, 4475), (5, 0), (7, 0), (11, 0), (19, 0), (27, 0), (29, 0)]
  4: [(0, 0), (0, 4578), (2, 2503), (18, 3698), (20, 2199), (21, 3460), (30, 5236), (7, 0), (19, 0), (22, 0), (32, 0)]
  5: [(1, 0), (3, 0), (3, 4172), (14, 3979), (17, 7622), (28, 4106), (9, 0), (14, 0), (18, 0), (20, 0), (24, 0), (29, 0)]
  6: [(0, 0), (18, 7277), (22, 553), (24, 3580), (7, 0), (11, 0), (19, 0)]
  7: [(1, 0), (3, 2070), (4, 582), (6, 5650), (10, 2315), (12, 7954), (24, 5519), (30, 7915), (13, 0), (24, 0)]
  8: [(11, 390), (13, 408), (21, 4485), (26, 2305), (15, 0)]
  9: [(3, 0), (2, 4066), (5, 2933), (10, 3270), (17, 6833), (21, 7083), (24, 4945), (27, 6591), (24, 0)]
  10: [(3, 0), (7, 0), (9, 0), (13, 7815), (17, 2259), (28, 4125), (13, 0), (14, 0), (22, 0), (25, 0)]
  11: [(8, 0), (3, 4129), (6, 3034), (13, 6411), (14, 5328), (15, 2855), (20, 2934), (23, 4057), (24, 3532), (29, 2038), (12, 0), (13, 0), (15, 0), (16, 0), (26, 0), (27, 0)]
  12: [(7, 0), (2, 4639), (11, 5082), (14, 6202), (18, 2056), (21, 7367), (14, 0), (16, 0), (19, 0), (26, 0)]
  13: [(8, 0), (10, 0), (11, 0), (7, 1365), (10, 1528), (11, 5013), (19, 6187), (25, 3482), (16, 0), (18, 0), (27, 0)]
  14: [(5, 0), (11, 0), (12, 0), (5, 1989), (10, 4220), (12, 6605), (17, 2435), (19, 261), (23, 2076), (31, 1698), (30, 0)]
  15: [(0, 0), (11, 0), (8, 1367), (11, 4268), (29, 334), (18, 0), (23, 0), (26, 0), (32, 0)]
  16: [(2, 6301), (11, 1466), (12, 7959), (13, 459), (20, 6393), (21, 6848), (24, 1673), (28, 4744), (25, 0), (27, 0)]
  17: [(1, 0), (5, 0), (9, 0), (10, 0), (14, 0), (23, 3704), (27, 2577), (29, 6428), (19, 0), (21, 0), (29, 0), (32, 0)]
  18: [(4, 0), (6, 0), (12, 0), (5, 4496), (13, 268), (15, 2872), (19, 2315), (25, 5683), (29, 3672), (20, 0), (22, 0), (23, 0), (24, 0)]
  19: [(13, 0), (14, 0), (18, 0), (3, 534), (4, 4768), (6, 3636), (12, 3673), (17, 6825), (32, 3762), (29, 0), (30, 0)]
  20: [(4, 0), (11, 0), (16, 0), (2, 3424), (5, 2147), (18, 786), (23, 1729), (31, 6391)]
  21: [(4, 0), (8, 0), (9, 0), (12, 0), (16, 0), (17, 7338), (27, 3448), (25, 0), (26, 0)]
  22: [(2, 0), (6, 0), (4, 1937), (10, 3939), (18, 2085), (28, 7350), (26, 0)]
  23: [(2, 0), (3, 0), (11, 0), (14, 0), (17, 0), (20, 0), (1, 4543), (15, 677), (18, 2977), (28, 548), (25, 0), (32, 0)]
  24: [(6, 0), (7, 0), (9, 0), (11, 0), (16, 0), (2, 2493), (5, 1903), (7, 1978), (9, 4066), (18, 4099), (27, 0)]
  25: [(0, 0), (3, 0), (13, 0), (18, 0), (1, 4758), (10, 7109), (16, 3394), (21, 2617), (23, 3584), (31, 7760)]
  26: [(8, 0), (1, 4872), (11, 7578), (12, 4022), (15, 2649), (21, 7336), (22, 2486), (27, 7636), (31, 4242)]
  27: [(9, 0), (17, 0), (21, 0), (26, 0), (1, 6586), (3, 4542), (11, 4118), (13, 4003), (16, 1957), (24, 3762), (29, 0)]
  28: [(5, 0), (10, 0), (16, 0), (22, 0), (23, 0), (34, 2374), (31, 0), (33, 0)]
  29: [(11, 0), (15, 0), (17, 0), (18, 0), (3, 711), (5, 1104), (17, 2101), (19, 6902), (27, 6878)]
  30: [(4, 0), (7, 0), (14, 3624), (19, 3757), (33, 252), (32, 0)]
  31: [(14, 0), (20, 0), (25, 0), (26, 0), (34, 4683), (28, 5682)]
  32: [(19, 0), (15, 3728), (23, 4810), (30, 763), (4, 4719), (17, 6445), (34, 3217)]
  33: [(30, 0), (28, 3570), (34, 3302)]
  34: [(28, 0), (31, 0), (32, 0), (33, 0), (1, 5471)]

Matriz de Capacidades Residuais inicial:
  0 5491   0 1998 3010   0 3369   0   0   0   0   0   0   0   0 3187   0   0   0   0   0   0   0   0   0 543   0   0   0   0   0   0   0   0   0
1673   0   0 718   0 1735   0 3852   0   0   0   0   0   0   0   0   0 815   0   0   0   0   0 2732   0 4103 2680 5006   0   0   0   0   0   0 2795
  0   0   0   0 1478   0   0   0   0 3177   0   0 2701   0   0   0 2628   0   0   0 2382   0 1124 2208 847   0   0   0   0   0   0   0   0   0   0
1238 415   0   0   0 3163   0 859   0 4788 219 1605   0   0   0   0   0   0   0 220   0   0   0 4054   0 1564   0 3466   0 601   0   0   0   0   0
1568   0 1025   0   0   0   0 489   0   0   0   0   0   0   0   0   0   0 1553 2062 1421 1302 836   0   0   0   0   0   0   0 756   0 3939   0   0
  0 5334   0 1009   0   0   0   0   0 2434   0   0   0   0 1238   0   0 3617 2950   0 1674   0   0   0 543   0   0   0 962 221   0   0   0   0   0
4099   0   0   0   0   0   0 4913   0   0   0 1630   0   0   0   0   0   0 2443 1265   0   0 -5337   0 3137   0   0   0   0   0   0   0   0   0   0
  0 1324   0 1211  93   0 737   0   0   0 941   0 1709 738   0   0   0   0   0   0   0   0   0   0 1373   0   0   0   0   0 2509   0   0   0   0
  0   0   0   0   0   0   0   0   0   0   0 262   0 147   0 719   0   0   0   0   0 1195   0   0   0   0 1226   0   0   0   0   0   0   0   0
  0   0 889 3020   0 499   0   0   0   0 1160   0   0   0   0   0   0 2227   0   0   0 2529   0   0 1242   0   0 908   0   0   0   0   0   0   0
  0   0   0 375   0   0   0 1374   0 2110   0   0   0 506 3180   0   0 927   0   0   0   0 1251   0   0 4323   0   0 908   0   0   0   0   0   0
  0   0   0 2524   0   0 1404   0 128   0   0   0 1860 4296 3546 2887 1178   0   0   0 1404   0   0 1159 1212   0 3006 1904   0 769   0   0   0   0   0
  0   0 1938   0   0   0   0 6245   0   0   0 3222   0   0 2883   0 5557   0 1114 2496   0 1183   0   0   0   0 1776   0   0   0   0   0   0   0   0
  0   0   0   0   0   0   0 627 261   0 1022 717   0   0   0   0 294   0 221 1849   0   0   0   0   0 977   0 3469   0   0   0   0   0   0   0
  0   0   0   0   0 751   0   0   0   0 1040 1782 3722   0   0   0   0 920   0 115   0   0   0 299   0   0   0   0   0   0 2337 436   0   0   0
3601   0   0   0   0   0   0   0 648   0   0 1381   0   0   0   0   0   0 1769   0   0   0   0 220   0   0 1938   0   0 101   0   0 1715   0   0
  0   0 3673   0   0   0   0   0   0   0   0 288 2402 165   0   0   0   0   0   0 4052 1674   0   0 496 1351   0 888 2766   0   0   0   0   0   0
  0 1318   0   0   0 4005   0   0   0 4606 1332   0   0   0 1515   0   0   0   0 5313   0 5283   0 803   0   0   0 1065   0 1063   0   0 2100   0   0
  0   0   0   0 2145 1546 4834   0   0   0   0   0 942  47   0 1103   0   0   0 569 523   0 1747 1530 3087 774   0   0   0 1363   0   0   0   0   0
  0   0   0 314 2706   0 2371   0   0   0   0   0 1177 4338 146   0   0 1512 1746   0   0   0   0   0   0   0   0   0   0 6120 1563   0 2404   0   0
  0   0 1042   0 778 473   0   0   0   0   0 1530   0   0   0   0 2341   0 263   0   0   0   0 864   0   0   0   0   0   0   0 3463   0   0   0
  0   0   0   0 2158   0   0   0 3290 4554   0   0 6184   0   0   0 5174 2055   0   0   0   0   0   0   0 1957 6125 2337   0   0   0   0   0   0   0
  0   0 6428   0 1101   0 5890   0   0   0 2688   0   0   0   0   0   0   0 338   0   0   0   0   0   0   0 1600   0 2359   0   0   0   0   0   0
  0 1811 2623 1797   0   0   0   0   0   0   0 2898   0   0 1777 457   0 2901 1447   0 865   0   0   0   0 1007   0   0 172   0   0   0 4059   0   0
  0   0 1646   0   0 1360 443 605   0 2824   0 2320   0   0   0   0 1177   0 1012   0   0   0   0   0   0   0   0 1217   0   0   0   0   0   0   0
1629 655   0 2911   0   0   0   0   0   0 2786   0   0 2505   0   0 2043   0 4909   0   0 660   0 2577   0   0   0   0   0   0   0 6018   0   0   0
  0 2192   0   0   0   0   0   0 1079   0   0 4572 2246   0   0 711   0   0   0   0   0 1211 886   0   0   0   0 1441   0   0   0 1983   0   0   0
  0 1580   0 1076   0   0   0   0   0 5683   0 2214   0 534   0   0 1069 1512   0   0   0 1111   0   0 2545   0 6195   0   0 5786   0   0   0   0   0
  0   0   0   0   0 3144   0   0   0   0 3217   0   0   0   0   0 1978   0   0   0   0   0 4991 376   0   0   0   0   0   0   0 3848   0 1284 837
  0   0   0 110   0 883   0   0   0   0   0 1269   0   0   0 233   0 1038 2309 782   0   0   0   0   0   0   0 1092   0   0   0   0   0   0   0
  0   0   0   0 4480   0   0 5406   0   0   0   0   0   0 1287   0   0   0   0 2194   0   0   0   0   0   0   0   0   0   0   0   0 323 170   0
  0   0   0   0   0   0   0   0   0   0   0   0   0   0 1262   0   0   0   0   0 2928   0   0   0   0 1742 2259   0 1834   0   0   0   0   0 595
  0   0   0   0 780   0   0   0   0   0   0   0   0   0   0 2013   0 4345   0 1358   0   0   0 751   0   0   0   0   0   0 440   0   0   0 771
  0   0   0   0   0   0   0   0   0   0   0   0   0   0   0   0   0   0   0   0   0   0   0   0   0   0   0   0 2286   0  82   0   0   0 882
  0 2676   0   0   0   0   0   0   0   0   0   0   0   0   0   0   0   0   0   0   0   0   0   0   0   0   0   0 1537   0   0 4088 2446 2420   0

Matriz de Capacidades Residuais final:
  0 1510   0 1779 1873   0 3369   0   0   0   0   0   0   0   0 3187   0   0   0   0   0   0   0   0   0   0   0   0   0   0   0   0   0   0   0
5654   0   0 718   0 773   0 3852   0   0   0   0   0   0   0   0   0 815   0   0   0   0   0 2560   0 4051 2680 5006   0   0   0   0   0   0   0
  0   0   0   0 1478   0   0   0   0 3177   0   0 2701   0   0   0 2628   0   0   0 2382   0 1124 2208 847   0   0   0   0   0   0   0   0   0   0
1457 415   0   0   0 3163   0 859   0 4788   0 1605   0   0   0   0   0   0   0 220   0   0   0 4054   0 1564   0 3466   0 601   0   0   0   0   0
2705   0 1025   0   0   0   0 489   0   0   0   0   0   0   0   0   0   0 1553 2062 1421 1302 640   0   0   0   0   0   0   0 586   0 3168   0   0
  0 6296   0 1009   0   0   0   0   0 2434   0   0   0   0 1238   0   0 3617 2950   0 1674   0   0   0 543   0   0   0   0 221   0   0   0   0   0
4099   0   0   0   0   0   0 4913   0   0   0 1630   0   0   0   0   0   0 2443 1265   0   0 -5337   0 3137   0   0   0   0   0   0   0   0   0   0
  0 1324   0 1211  93   0 737   0   0   0 941   0 1709 738   0   0   0   0   0   0   0   0   0   0 1373   0   0   0   0   0 2509   0   0   0   0
  0   0   0   0   0   0   0   0   0   0   0 262   0 147   0 719   0   0   0   0   0 1195   0   0   0   0 1226   0   0   0   0   0   0   0   0
  0   0 889 3020   0 499   0   0   0   0 1160   0   0   0   0   0   0 2227   0   0   0 2529   0   0 1242   0   0 908   0   0   0   0   0   0   0
  0   0   0 594   0   0   0 1374   0 2110   0   0   0 506 3180   0   0 927   0   0   0   0 1251   0   0 4323   0   0 689   0   0   0   0   0   0
  0   0   0 2524   0   0 1404   0 128   0   0   0 1860 4296 3546 2887 1178   0   0   0 1404   0   0 1159 1212   0 3006 1904   0 769   0   0   0   0   0
  0   0 1938   0   0   0   0 6245   0   0   0 3222   0   0 2883   0 5557   0 1114 2496   0 1183   0   0   0   0 1776   0   0   0   0   0   0   0   0
  0   0   0   0   0   0   0 627 261   0 1022 717   0   0   0   0 294   0 221 1849   0   0   0   0   0 977   0 3469   0   0   0   0   0   0   0
  0   0   0   0   0 751   0   0   0   0 1040 1782 3722   0   0   0   0 920   0 115   0   0   0 299   0   0   0   0   0   0 2337 436   0   0   0
3601   0   0   0   0   0   0   0 648   0   0 1381   0   0   0   0   0   0 1769   0   0   0   0 220   0   0 1938   0   0 101   0   0 1715   0   0
  0   0 3673   0   0   0   0   0   0   0   0 288 2402 165   0   0   0   0   0   0 4052 1674   0   0 496 1351   0 888 2766   0   0   0   0   0   0
  0 1318   0   0   0 4005   0   0   0 4606 1332   0   0   0 1515   0   0   0   0 5313   0 5283   0 803   0   0   0 1065   0 1063   0   0 2100   0   0
  0   0   0   0 2145 1546 4834   0   0   0   0   0 942  47   0 1103   0   0   0 569 523   0 1747 1530 3087 774   0   0   0 1363   0   0   0   0   0
  0   0   0 314 2706   0 2371   0   0   0   0   0 1177 4338 146   0   0 1512 1746   0   0   0   0   0   0   0   0   0   0 6120 1563   0 2404   0   0
  0   0 1042   0 778 473   0   0   0   0   0 1530   0   0   0   0 2341   0 263   0   0   0   0 864   0   0   0   0   0   0   0 3463   0   0   0
  0   0   0   0 2158   0   0   0 3290 4554   0   0 6184   0   0   0 5174 2055   0   0   0   0   0   0   0 1957 6125 2337   0   0   0   0   0   0   0
  0   0 6428   0 1297   0 5890   0   0   0 2688   0   0   0   0   0   0   0 338   0   0   0   0   0   0   0 1600   0 2163   0   0   0   0   0   0
  0 1983 2623 1797   0   0   0   0   0   0   0 2898   0   0 1777 457   0 2901 1447   0 865   0   0   0   0 1007   0   0   0   0   0   0 4059   0   0
  0   0 1646   0   0 1360 443 605   0 2824   0 2320   0   0   0   0 1177   0 1012   0   0   0   0   0   0   0   0 1217   0   0   0   0   0   0   0
2172 707   0 2911   0   0   0   0   0   0 2786   0   0 2505   0   0 2043   0 4909   0   0 660   0 2577   0   0   0   0   0   0   0 5423   0   0   0
  0 2192   0   0   0   0   0   0 1079   0   0 4572 2246   0   0 711   0   0   0   0   0 1211 886   0   0   0   0 1441   0   0   0 1983   0   0   0
  0 1580   0 1076   0   0   0   0   0 5683   0 2214   0 534   0   0 1069 1512   0   0   0 1111   0   0 2545   0 6195   0   0 5786   0   0   0   0   0
  0   0   0   0   0 4106   0   0   0   0 3436   0   0   0   0   0 1978   0   0   0   0   0 5187 548   0   0   0   0   0   0   0 3848   0 572   0
  0   0   0 110   0 883   0   0   0   0   0 1269   0   0   0 233   0 1038 2309 782   0   0   0   0   0   0   0 1092   0   0   0   0   0   0   0
  0   0   0   0 4650   0   0 5406   0   0   0   0   0   0 1287   0   0   0   0 2194   0   0   0   0   0   0   0   0   0   0   0   0 323   0   0
  0   0   0   0   0   0   0   0   0   0   0   0   0   0 1262   0   0   0   0   0 2928   0   0   0   0 2337 2259   0 1834   0   0   0   0   0   0
  0   0   0   0 1551   0   0   0   0   0   0   0   0   0   0 2013   0 4345   0 1358   0   0   0 751   0   0   0   0   0   0 440   0   0   0   0
  0   0   0   0   0   0   0   0   0   0   0   0   0   0   0   0   0   0   0   0   0   0   0   0   0   0   0   0 2998   0 252   0   0   0   0
  0 5471   0   0   0   0   0   0   0   0   0   0   0   0   0   0   0   0   0   0   0   0   0   0   0   0   0   0 2374   0   0 4683 3217 3302   0

Fluxo inicial: 13808L
Fluxo adicional da fonte 0 ao sumidouro 34 encontrado: 5880L
Fluxo maximo total (fluxo inicial + adicional): 13808L + 5880L = 19688L
Tempo de execucao: 0.00111329 segundos
