Caso 20

Quantidade de vertices: 48
Quantidade de arestas: 236
Fonte: 0
Sumidouro: 47

Lista de Adjacencia:
  0: [(4, 2543), (8, 7063), (13, 9488), (23, 2399), (37, 9443), (41, 941)]
  1: [(18, 4642), (24, 5814)]
  2: [(20, 1970), (32, 695), (38, 8313)]
  3: [(46, 6549)]
  4: [(7, 1208), (11, 8796), (15, 7958), (23, 5331), (27, 2462)]
  5: [(7, 7801), (19, 6917), (36, 3273)]
  6: [(3, 1455), (15, 1684), (16, 7230), (18, 6796), (32, 8643), (33, 4943), (39, 3625)]
  7: [(1, 3219), (2, 6164), (8, 7276), (11, 6868), (33, 4902), (36, 6062), (37, 5689)]
  8: [(11, 2821), (19, 8275), (26, 1968), (31, 6932), (33, 5181), (40, 8421)]
  9: []
  10: [(12, 6696), (24, 2966), (34, 1118)]
  11: [(12, 1893), (20, 9044), (22, 5012), (27, 4894), (28, 8810), (44, 1805), (46, 1408)]
  12: [(6, 683), (13, 2223), (24, 7726), (34, 8451)]
  13: [(3, 8444), (5, 4538), (6, 3690), (14, 4919)]
  14: [(18, 4739), (20, 6796), (26, 8037), (33, 677), (42, 4929)]
  15: [(5, 1940)]
  16: [(2, 6810), (4, 3740), (14, 4350), (21, 5987), (35, 6246), (36, 3378), (41, 3460), (45, 8208)]
  17: [(2, 5636), (7, 3844), (32, 2801), (38, 2758)]
  18: [(6, 8718), (7, 5896), (8, 5332), (9, 4521), (19, 6383), (24, 7367), (32, 4119), (40, 6320)]
  19: [(6, 3611), (22, 3822), (31, 9374), (32, 5704), (34, 5313)]
  20: [(14, 5391), (15, 5292), (26, 8300), (37, 2834), (38, 7060)]
  21: [(6, 9932), (9, 4134), (11, 1233), (13, 3434), (18, 8718), (20, 3939), (32, 9705), (46, 1409)]
  22: [(5, 8272), (24, 9733), (28, 909)]
  23: [(1, 9172), (16, 8459), (21, 7872), (22, 5784), (31, 6078), (33, 3557), (43, 5648)]
  24: [(22, 8657), (36, 5476), (41, 618)]
  25: [(8, 4093), (11, 2799), (13, 3209), (27, 8560)]
  26: [(1, 1097), (14, 6428), (15, 2217), (16, 9886), (30, 1504), (33, 1477)]
  27: [(16, 550), (21, 5756), (26, 6002), (29, 7574), (30, 3407), (33, 9755), (36, 2334)]
  28: [(31, 2494), (32, 2575), (37, 3615)]
  29: [(26, 2825), (28, 9079), (35, 6072)]
  30: [(8, 7902), (20, 8529), (38, 6641)]
  31: [(1, 5759), (4, 7148), (12, 6301), (13, 7397), (33, 7230), (34, 7471)]
  32: [(2, 6164), (8, 854), (37, 6492)]
  33: [(20, 3590), (27, 3703), (46, 7125)]
  34: [(2, 1279), (13, 3215), (17, 2479), (23, 8354), (32, 9653), (37, 9141), (41, 6404)]
  35: [(6, 2943), (25, 6870), (28, 1281), (34, 5205), (37, 6766), (40, 4152)]
  36: [(5, 4130), (9, 9618), (15, 6300), (30, 1847), (45, 7159)]
  37: [(8, 1652), (16, 3177), (38, 1422), (41, 4027)]
  38: [(14, 5577), (21, 2270), (22, 5239), (24, 4692), (29, 1746), (34, 6273), (40, 9663), (42, 8631), (45, 2443)]
  39: [(2, 4193), (8, 7051), (9, 2747), (27, 4900), (29, 5752), (35, 1432), (41, 5614)]
  40: [(5, 6048), (6, 4379), (7, 6192), (18, 9471), (20, 1060), (39, 8596), (44, 2574)]
  41: [(0, 4642), (8, 8403), (47, 5448)]
  42: [(10, 4315), (27, 7037), (29, 1441)]
  43: [(0, 949), (5, 2872), (10, 1912), (13, 2915), (31, 5763), (34, 7324), (39, 6135), (44, 635)]
  44: [(4, 7045), (7, 4788), (16, 9927), (24, 6780), (39, 8107), (45, 3160)]
  45: [(20, 5083), (26, 628), (28, 8662), (39, 5330), (47, 4117)]
  46: [(0, 5535), (13, 4039), (39, 4368)]
  47: [(0, 2881), (3, 7885), (7, 5959), (8, 2014), (15, 6939), (19, 6464), (24, 8273), (30, 6581), (36, 3648), (44, 4395)]

Lista de Adjacencia com arestas reversas:
  0: [(4, 2543), (8, 7063), (13, 9488), (23, 2399), (37, 9443), (41, 941), (41, 0), (43, 0), (46, 0), (47, 0)]
  1: [(18, 4642), (24, 5814), (7, 0), (23, 0), (26, 0), (31, 0)]
  2: [(20, 1970), (32, 695), (38, 8313), (7, 0), (16, 0), (17, 0), (32, 0), (34, 0), (39, 0)]
  3: [(46, 6549), (6, 0), (13, 0), (47, 0)]
  4: [(0, 0), (7, 1208), (11, 8796), (15, 7958), (23, 5331), (27, 2462), (16, 0), (31, 0), (44, 0)]
  5: [(7, 7801), (19, 6917), (36, 3273), (13, 0), (15, 0), (22, 0), (36, 0), (40, 0), (43, 0)]
  6: [(3, 1455), (15, 1684), (16, 7230), (18, 6796), (32, 8643), (33, 4943), (39, 3625), (12, 0), (13, 0), (18, 0), (19, 0), (21, 0), (35, 0), (40, 0)]
  7: [(4, 0), (5, 0), (1, 3219), (2, 6164), (8, 7276), (11, 6868), (33, 4902), (36, 6062), (37, 5689), (17, 0), (18, 0), (40, 0), (44, 0), (47, 0)]
  8: [(0, 0), (7, 0), (11, 2821), (19, 8275), (26, 1968), (31, 6932), (33, 5181), (40, 8421), (18, 0), (25, 0), (30, 0), (32, 0), (37, 0), (39, 0), (41, 0), (47, 0)]
  9: [(18, 0), (21, 0), (36, 0), (39, 0)]
  10: [(12, 6696), (24, 2966), (34, 1118), (42, 0), (43, 0)]
  11: [(4, 0), (7, 0), (8, 0), (12, 1893), (20, 9044), (22, 5012), (27, 4894), (28, 8810), (44, 1805), (46, 1408), (21, 0), (25, 0)]
  12: [(10, 0), (11, 0), (6, 683), (13, 2223), (24, 7726), (34, 8451), (31, 0)]
  13: [(0, 0), (12, 0), (3, 8444), (5, 4538), (6, 3690), (14, 4919), (21, 0), (25, 0), (31, 0), (34, 0), (43, 0), (46, 0)]
  14: [(13, 0), (18, 4739), (20, 6796), (26, 8037), (33, 677), (42, 4929), (16, 0), (20, 0), (26, 0), (38, 0)]
  15: [(4, 0), (6, 0), (5, 1940), (20, 0), (26, 0), (36, 0), (47, 0)]
  16: [(6, 0), (2, 6810), (4, 3740), (14, 4350), (21, 5987), (35, 6246), (36, 3378), (41, 3460), (45, 8208), (23, 0), (26, 0), (27, 0), (37, 0), (44, 0)]
  17: [(2, 5636), (7, 3844), (32, 2801), (38, 2758), (34, 0)]
  18: [(1, 0), (6, 0), (14, 0), (6, 8718), (7, 5896), (8, 5332), (9, 4521), (19, 6383), (24, 7367), (32, 4119), (40, 6320), (21, 0), (40, 0)]
  19: [(5, 0), (8, 0), (18, 0), (6, 3611), (22, 3822), (31, 9374), (32, 5704), (34, 5313), (47, 0)]
  20: [(2, 0), (11, 0), (14, 0), (14, 5391), (15, 5292), (26, 8300), (37, 2834), (38, 7060), (21, 0), (30, 0), (33, 0), (40, 0), (45, 0)]
  21: [(16, 0), (6, 9932), (9, 4134), (11, 1233), (13, 3434), (18, 8718), (20, 3939), (32, 9705), (46, 1409), (23, 0), (27, 0), (38, 0)]
  22: [(11, 0), (19, 0), (5, 8272), (24, 9733), (28, 909), (23, 0), (24, 0), (38, 0)]
  23: [(0, 0), (4, 0), (1, 9172), (16, 8459), (21, 7872), (22, 5784), (31, 6078), (33, 3557), (43, 5648), (34, 0)]
  24: [(1, 0), (10, 0), (12, 0), (18, 0), (22, 0), (22, 8657), (36, 5476), (41, 618), (38, 0), (44, 0), (47, 0)]
  25: [(8, 4093), (11, 2799), (13, 3209), (27, 8560), (35, 0)]
  26: [(8, 0), (14, 0), (20, 0), (1, 1097), (14, 6428), (15, 2217), (16, 9886), (30, 1504), (33, 1477), (27, 0), (29, 0), (45, 0)]
  27: [(4, 0), (11, 0), (25, 0), (16, 550), (21, 5756), (26, 6002), (29, 7574), (30, 3407), (33, 9755), (36, 2334), (33, 0), (39, 0), (42, 0)]
  28: [(11, 0), (22, 0), (31, 2494), (32, 2575), (37, 3615), (29, 0), (35, 0), (45, 0)]
  29: [(27, 0), (26, 2825), (28, 9079), (35, 6072), (38, 0), (39, 0), (42, 0)]
  30: [(26, 0), (27, 0), (8, 7902), (20, 8529), (38, 6641), (36, 0), (47, 0)]
  31: [(8, 0), (19, 0), (23, 0), (28, 0), (1, 5759), (4, 7148), (12, 6301), (13, 7397), (33, 7230), (34, 7471), (43, 0)]
  32: [(2, 0), (6, 0), (17, 0), (18, 0), (19, 0), (21, 0), (28, 0), (2, 6164), (8, 854), (37, 6492), (34, 0)]
  33: [(6, 0), (7, 0), (8, 0), (14, 0), (23, 0), (26, 0), (27, 0), (31, 0), (20, 3590), (27, 3703), (46, 7125)]
  34: [(10, 0), (12, 0), (19, 0), (31, 0), (2, 1279), (13, 3215), (17, 2479), (23, 8354), (32, 9653), (37, 9141), (41, 6404), (35, 0), (38, 0), (43, 0)]
  35: [(16, 0), (29, 0), (6, 2943), (25, 6870), (28, 1281), (34, 5205), (37, 6766), (40, 4152), (39, 0)]
  36: [(5, 0), (7, 0), (16, 0), (24, 0), (27, 0), (5, 4130), (9, 9618), (15, 6300), (30, 1847), (45, 7159), (47, 0)]
  37: [(0, 0), (7, 0), (20, 0), (28, 0), (32, 0), (34, 0), (35, 0), (8, 1652), (16, 3177), (38, 1422), (41, 4027)]
  38: [(2, 0), (17, 0), (20, 0), (30, 0), (37, 0), (14, 5577), (21, 2270), (22, 5239), (24, 4692), (29, 1746), (34, 6273), (40, 9663), (42, 8631), (45, 2443)]
  39: [(6, 0), (2, 4193), (8, 7051), (9, 2747), (27, 4900), (29, 5752), (35, 1432), (41, 5614), (40, 0), (43, 0), (44, 0), (45, 0), (46, 0)]
  40: [(8, 0), (18, 0), (35, 0), (38, 0), (5, 6048), (6, 4379), (7, 6192), (18, 9471), (20, 1060), (39, 8596), (44, 2574)]
  41: [(0, 0), (16, 0), (24, 0), (34, 0), (37, 0), (39, 0), (0, 4642), (8, 8403), (47, 5448)]
  42: [(14, 0), (38, 0), (10, 4315), (27, 7037), (29, 1441)]
  43: [(23, 0), (0, 949), (5, 2872), (10, 1912), (13, 2915), (31, 5763), (34, 7324), (39, 6135), (44, 635)]
  44: [(11, 0), (40, 0), (43, 0), (4, 7045), (7, 4788), (16, 9927), (24, 6780), (39, 8107), (45, 3160), (47, 0)]
  45: [(16, 0), (36, 0), (38, 0), (44, 0), (20, 5083), (26, 628), (28, 8662), (39, 5330), (47, 4117)]
  46: [(3, 0), (11, 0), (21, 0), (33, 0), (0, 5535), (13, 4039), (39, 4368)]
  47: [(41, 0), (45, 0), (0, 2881), (3, 7885), (7, 5959), (8, 2014), (15, 6939), (19, 6464), (24, 8273), (30, 6581), (36, 3648), (44, 4395)]

Matriz de Capacidades Residuais inicial:
  0   0   0   0 1880   0   0   0 5180   0   0   0   0 2073   0   0   0   0   0   0   0   0   0 1709   0   0   0   0   0   0   0   0   0   0   0   0   0 2040   0   0   0 3195   0 337   0   0 2726 797
  0   0   0   0   0   0   0 1691   0   0   0   0   0   0   0   0   0   0 1127   0   0   0   0 7181 4000   0 932   0   0   0   0 1904   0   0   0   0   0   0   0   0   0   0   0   0   0   0   0   0
  0   0   0   0   0   0   0 2499   0   0   0   0   0   0   0   0 3652 4774   0   0 396   0   0   0   0   0   0   0   0   0   0   0 2248   0 1026   0   0   0 2104 897   0   0   0   0   0   0   0   0
  0   0   0   0   0   0 698   0   0   0   0   0   0 5271   0   0   0   0   0   0   0   0   0   0   0   0   0   0   0   0   0   0   0   0   0   0   0   0   0   0   0   0   0   0   0   0 2357 5610
663   0   0   0   0   0   0 743   0   0   0 5854   0   0   0 2878 2256   0   0   0   0   0   0 975   0   0   0 1737   0   0   0 2930   0   0   0   0   0   0   0   0   0   0   0   0 3653   0   0   0
  0   0   0   0   0   0   0 3076   0   0   0   0   0 1989   0 413   0   0   0 5362   0   0 2150   0   0   0   0   0   0   0   0   0   0   0   0   0 1913   0   0   0 3768   0   0 2198   0   0   0   0
  0   0   0 757   0   0   0   0   0   0   0   0 572 2932   0 544 3894   0 5516 909   0 6673   0   0   0   0   0   0   0   0   0   0 5935 1679   0 2139   0   0   0 1041 2690   0   0   0   0   0   0   0
  0 1528 3665   0 465 4725   0   0 5148   0   0 3920   0   0   0   0   0 2125 3502   0   0   0   0   0   0   0   0   0   0   0   0   0   0 2931   0   0 4288 2901   0   0 4956   0   0   0 3728   0   0 2154
1883   0   0   0   0   0   0 2128   0   0   0 1131   0   0   0   0   0   0 4252 4379   0   0   0   0   0 2505 1053   0   0   0 3076 2470 235 2219   0   0   0 713   0 4294 3049 6906   0   0   0   0   0 1451
  0   0   0   0   0   0   0   0   0   0   0   0   0   0   0   0   0   0 2504   0   0 1400   0   0   0   0   0   0   0   0   0   0   0   0   0   0 3063   0   0 1000   0   0   0   0   0   0   0   0
  0   0   0   0   0   0   0   0   0   0   0   0 3920   0   0   0   0   0   0   0   0   0   0   0 520   0   0   0   0   0   0   0   0   0 590   0   0   0   0   0   0   0 3010 1441   0   0   0   0
  0   0   0   0 2942   0   0 2948 1690   0   0   0 1476   0   0   0   0   0   0   0 5030 747 3600   0   0 2255   0 1122 6982   0   0   0   0   0   0   0   0   0   0   0   0   0   0   0 547   0 975   0
  0   0   0   0   0   0 111   0   0   0 2776 417   0 1377   0   0   0   0   0   0   0   0   0   0 5418   0   0   0   0   0   0 3927   0   0 1777   0   0   0   0   0   0   0   0   0   0   0   0   0
7415   0   0 3173   0 2549 758   0   0   0   0   0 846   0 1106   0   0   0   0   0   0 1838   0   0   0 733   0   0   0   0   0 5800   0   0 701   0   0   0   0   0   0   0   0 762   0   0 2978   0
  0   0   0   0   0   0   0   0   0   0   0   0   0 3813   0   0 2949   0 733   0 3057   0   0   0   0   0 3788   0   0   0   0   0   0 475   0   0   0   0 3097   0   0   0 1771   0   0   0   0   0
  0   0   0   0 5080 1527 1140   0   0   0   0   0   0   0   0   0   0   0   0   0 1462   0   0   0   0   0 1304   0   0   0   0   0   0   0   0   0 3557   0   0   0   0   0   0   0   0   0   0 2006
  0   0 3158   0 1484   0 3336   0   0   0   0   0   0   0 1401   0   0   0   0   0   0 1596   0 2820   0   0 2714 172   0   0   0   0   0   0   0 4157 2121 1806   0   0   0 1699   0   0 4847 3918   0   0
  0   0 862   0   0   0   0 1719   0   0   0   0   0   0   0   0   0   0   0   0   0   0   0   0   0   0   0   0   0   0   0   0 1333   0 1603   0   0   0 742   0   0   0   0   0   0   0   0   0
  0 3515   0   0   0   0 3202 2394 1080 2017   0   0   0   0 4006   0   0   0   0 1424   0 2238   0   0 3097   0   0   0   0   0   0   0 1869   0   0   0   0   0   0   0 4499   0   0   0   0   0   0   0
  0   0   0   0   0 1555 2702   0 3896   0   0   0   0   0   0   0   0   0 4959   0   0   0 1888   0   0   0   0   0   0   0   0 6638 4120   0 4016   0   0   0   0   0   0   0   0   0   0   0   0 4307
  0   0 1574   0   0   0   0   0   0   0   0 4014   0   0 2334 3830   0   0   0   0   0 2671   0   0   0   0 1263   0   0   0 1938   0   0 1918   0   0   0 1621 2499   0 422   0   0   0   0 2239   0   0
  0   0   0   0   0   0 3259   0   0 2734   0 486   0 1596   0   0 4391   0 6480   0 1268   0   0 2959   0   0   0 3836   0   0   0   0 4287   0   0   0   0   0 1241   0   0   0   0   0   0   0 866   0
  0   0   0   0   0 6122   0   0   0   0   0 1412   0   0   0   0   0   0   0 1934   0   0   0 1189 2426   0   0   0 694   0   0   0   0   0   0   0   0   0 2261   0   0   0   0   0   0   0   0   0
690 1991   0   0 4356   0   0   0   0   0   0   0   0   0   0   0 5639   0   0   0   0 4913 4595   0   0   0   0   0   0   0   0 2861   0 543 5427   0   0   0   0   0   0   0   0 1231   0   0   0   0
  0 1814   0   0   0   0   0   0   0   0 2446   0 2308   0   0   0   0   0 4270   0   0   0 6231   0   0   0   0   0   0   0   0   0   0   0   0   0 2197   0 3737   0   0 149   0   0 4153   0   0 6635
  0   0   0   0   0   0   0   0 1588   0   0 544   0 2476   0   0   0   0   0   0   0   0   0   0   0   0   0 6208   0   0   0   0   0   0   0 4020   0   0   0   0   0   0   0   0   0   0   0   0
  0 165   0   0   0   0   0   0 915   0   0   0   0   0 2640 913 7172   0   0   0 7037   0   0   0   0   0   0 4595   0 604 684   0   0 689   0   0   0   0   0   0   0   0   0   0   0 179   0   0
  0   0   0   0 725   0   0   0   0   0   0 3772   0   0   0   0 378   0   0   0   0 1920   0   0   0 2352 1407   0   0 5172 1185   0   0 1921   0   0 1118   0   0 2936   0   0 4194   0   0   0   0   0
  0   0   0   0   0   0   0   0   0   0   0 1828   0   0   0   0   0   0   0   0   0   0 215   0   0   0   0   0   0 4287   0 1230 1170   0   0 834   0 987   0   0   0   0   0   0   0 6194   0   0
  0   0   0   0   0   0   0   0   0   0   0   0   0   0   0   0   0   0   0   0   0   0   0   0   0   0 2221 2402 4792   0   0   0   0   0   0 2717   0   0 867 3530   0   0 842   0   0   0   0   0
  0   0   0   0   0   0   0   0 4826   0   0   0   0   0   0   0   0   0   0   0 6591   0   0   0   0   0 820 2222   0   0   0   0   0   0   0   0 811   0 3402   0   0   0   0   0   0   0   0 5551
  0 3855   0   0 4218   0   0   0 4462   0   0   0 2374 1597   0   0   0   0   0 2736   0   0   0 3217   0   0   0   0 1264   0   0   0   0 3064 5186   0   0   0   0   0   0   0   0 1226   0   0   0   0
  0   0 3916   0   0   0 2708   0 619   0   0   0   0   0   0   0   0 1468 2250 1584   0 5418   0   0   0   0   0   0 1405   0   0   0   0   0 2113   0   0 4586   0   0   0   0   0   0   0   0   0   0
  0   0   0   0   0   0 3264 1971 2962   0   0   0   0   0 202   0   0   0   0   0 1672   0   0 3014   0   0 788 1782   0   0   0 4166   0   0   0   0   0   0   0   0   0   0   0   0   0   0 5024   0
  0   0 253   0   0   0   0   0   0   0 528   0 6674 2514   0   0   0 876   0 1297   0   0   0 2927   0   0   0   0   0   0   0 2285 7540   0   0 2365   0 6319 4626   0   0 1153   0 1471   0   0   0   0
  0   0   0   0   0   0 804   0   0   0   0   0   0   0   0   0 2089   0   0   0   0   0   0   0   0 2850   0   0 447 3355   0   0   0   0 2840   0   0 3683   0 1184 2289   0   0   0   0   0   0   0
  0   0   0   0   0 2217   0 1774   0 6555   0   0   0   0   0 2743 1257   0   0   0   0   0   0   0 3279   0   0 1216   0   0 1036   0   0   0   0   0   0   0   0   0   0   0   0   0   0 5136   0 2268
7403   0   0   0   0   0   0 2788 939   0   0   0   0   0   0   0 1371   0   0   0 1213   0   0   0   0   0   0   0 2628   0   0   0 1906   0 2822 3083   0   0 783   0   0 2904   0   0   0   0   0   0
  0   0 6209   0   0   0   0   0   0   0   0   0   0   0 2480   0   0 2016   0   0 4561 1029 2978   0 955   0   0   0   0 879 3239   0   0   0 1647   0   0 639   0   0 6182   0 4253   0   0 1321   0   0
  0   0 3296   0   0   0 2584   0 2757 1747   0   0   0   0   0   0   0   0   0   0   0   0   0   0   0   0   0 1964   0 2222   0   0   0   0   0 248   0   0   0   0 3748 3468   0 2138 1900 2480 2623   0
  0   0   0   0   0 2280 1689 1236 5372   0   0   0   0   0   0   0   0   0 4972   0 638   0   0   0   0   0   0   0   0   0   0   0   0   0   0 1863   0   0 3481 4848   0   0   0   0 1948   0   0   0
1447   0   0   0   0   0   0   0 1497   0   0   0   0   0   0   0 1761   0   0   0   0   0   0   0 469   0   0   0   0   0   0   0   0   0 5251   0   0 1123   0 2146   0   0   0   0   0   0   0 3336
  0   0   0   0   0   0   0   0   0   0 1305   0   0   0 3158   0   0   0   0   0   0   0   0   0   0   0   0 2843   0 599   0   0   0   0   0   0   0   0 4378   0   0   0   0   0   0   0   0   0
612   0   0   0   0 674   0   0   0   0 471   0   0 2153   0   0   0   0   0   0   0   0   0 4417   0   0   0   0   0   0   0 4537   0   0 5853   0   0   0   0 3997   0   0   0   0 334   0   0   0
  0   0   0   0 3392   0   0 1060   0   0   0 1258   0   0   0   0 5080   0   0   0   0   0   0   0 2627   0   0   0   0   0   0   0   0   0   0   0   0   0   0 6207 626   0   0 301   0 1162   0 3150
  0   0   0   0   0   0   0   0   0   0   0   0   0   0   0   0 4290   0   0   0 2844   0   0   0   0   0 449   0 2468   0   0   0   0   0   0   0 2023   0 1122 2850   0   0   0   0 1998   0   0 644
2809   0   0 4192   0   0   0   0   0   0   0 433   0 1061   0   0   0   0   0   0   0 543   0   0   0   0   0   0   0   0   0   0   0 2101   0   0   0   0   0 1745   0   0   0   0   0   0   0   0
2084   0   0 2275   0   0   0 3805 563   0   0   0   0   0   0 4933   0   0   0 2157   0   0   0   0 1638   0   0   0   0   0 1030   0   0   0   0   0 1380   0   0   0   0 2112   0   0 1245 3473   0   0

Matriz de Capacidades Residuais final:
  0   0   0   0   0   0   0   0   0   0   0   0   0   0   0   0   0   0   0   0   0   0   0   0   0   0   0   0   0   0   0   0   0   0   0   0   0   0   0   0   0   0   0   0   0   0   0   0
  0   0   0   0   0   0   0 1691   0   0   0   0   0   0   0   0   0   0 1127   0   0   0   0 7181 4000   0 932   0   0   0   0 1904   0   0   0   0   0   0   0   0   0   0   0   0   0   0   0   0
  0   0   0   0   0   0   0 2499   0   0   0   0   0   0   0   0 3652 4774   0   0 396   0   0   0   0   0   0   0   0   0   0   0 2248   0 1026   0   0   0 2104 897   0   0   0   0   0   0   0   0
  0   0   0   0   0   0 698   0   0   0   0   0   0 7344   0   0   0   0   0   0   0   0   0   0   0   0   0   0   0   0   0   0   0   0   0   0   0   0   0   0   0   0   0   0   0   0 5083 811
2543   0   0   0   0   0   0   0   0   0   0 5854   0   0   0 872 2256   0   0   0   0   0   0 2684   0   0   0 1737   0   0   0 2930   0   0   0   0   0   0   0   0   0   0   0   0 2813   0   0   0
  0   0   0   0   0   0   0 3076   0   0   0   0   0 1989   0 413   0   0   0 5359   0   0 2150   0   0   0   0   0   0   0   0   0   0   0   0   0 1913   0   0   0 3768   0   0 2201   0   0   0   0
  0   0   0 757   0   0   0   0   0   0   0   0 572 2932   0 544 3894   0 5516 909   0 6673   0   0   0   0   0   0   0   0   0   0 5935 1679   0 2139   0   0   0 1041 2690   0   0   0   0   0   0   0
  0 1528 3665   0 1208 4725   0   0 6559   0   0 3920   0   0   0   0   0 2125 3502   0   0   0   0   0   0   0   0   0   0   0   0   0   0 2931   0   0 2389 4800   0   0 4956   0   0   0 3728   0   0   0
7063   0   0   0   0   0   0 717   0   0   0 1131   0   0   0   0   0   0 4252 2061   0   0   0   0   0 2505 1053   0   0   0 3076 2470 235 2219   0   0   0 713   0 4294 3049 6906   0   0   0   0   0   0
  0   0   0   0   0   0   0   0   0   0   0   0   0   0   0   0   0   0 2504   0   0 1400   0   0   0   0   0   0   0   0   0   0   0   0   0   0 3063   0   0 1000   0   0   0   0   0   0   0   0
  0   0   0   0   0   0   0   0   0   0   0   0 3920   0   0   0   0   0   0   0   0   0   0   0 520   0   0   0   0   0   0   0   0   0 590   0   0   0   0   0   0   0 3010 1441   0   0   0   0
  0   0   0   0 2942   0   0 2948 1690   0   0   0 1476   0   0   0   0   0   0   0 5030 747 3600   0   0 2255   0 1122 6982   0   0   0   0   0   0   0   0   0   0   0   0   0   0   0 547   0 975   0
  0   0   0   0   0   0 111   0   0   0 2776 417   0 1377   0   0   0   0   0   0   0   0   0   0 5418   0   0   0   0   0   0 3927   0   0 1777   0   0   0   0   0   0   0   0   0   0   0   0   0
9488   0   0 1100   0 2549 758   0   0   0   0   0 846   0 1106   0   0   0   0   0   0 1838   0   0   0 733   0   0   0   0   0 5800   0   0 701   0   0   0   0   0   0   0   0 762   0   0 2978   0
  0   0   0   0   0   0   0   0   0   0   0   0   0 3813   0   0 2949   0 733   0 3057   0   0   0   0   0 3788   0   0   0   0   0   0 475   0   0   0   0 3097   0   0   0 1771   0   0   0   0   0
  0   0   0   0 7086 1527 1140   0   0   0   0   0   0   0   0   0   0   0   0   0 1462   0   0   0   0   0 1304   0   0   0   0   0   0   0   0   0 3557   0   0   0   0   0   0   0   0   0   0   0
  0   0 3158   0 1484   0 3336   0   0   0   0   0   0   0 1401   0   0   0   0   0   0 1596   0 2820   0   0 2714 172   0   0   0   0   0   0   0 4157 2121 1806   0   0   0 1699   0   0 4847 3918   0   0
  0   0 862   0   0   0   0 1719   0   0   0   0   0   0   0   0   0   0   0   0   0   0   0   0   0   0   0   0   0   0   0   0 1333   0 1603   0   0   0 742   0   0   0   0   0   0   0   0   0
  0 3515   0   0   0   0 3202 2394 1080 2017   0   0   0   0 4006   0   0   0   0 1424   0 2238   0   0 3097   0   0   0   0   0   0   0 1869   0   0   0   0   0   0   0 4499   0   0   0   0   0   0   0
  0   0   0   0   0 1558 2702   0 6214   0   0   0   0   0   0   0   0   0 4959   0   0   0 1888   0   0   0   0   0   0   0   0 6638 4120   0 4016   0   0   0   0   0   0   0   0   0   0   0   0 1986
  0   0 1574   0   0   0   0   0   0   0   0 4014   0   0 2334 3830   0   0   0   0   0 2671   0   0   0   0 1263   0   0   0 1938   0   0 1918   0   0   0 1621 2499   0 422   0   0   0   0 2239   0   0
  0   0   0   0   0   0 3259   0   0 2734   0 486   0 1596   0   0 4391   0 6480   0 1268   0   0 2959   0   0   0 3836   0   0   0   0 4287   0   0   0   0   0 1241   0   0   0   0   0   0   0 866   0
  0   0   0   0   0 6122   0   0   0   0   0 1412   0   0   0   0   0   0   0 1934   0   0   0 1189 2426   0   0   0 694   0   0   0   0   0   0   0   0   0 2261   0   0   0   0   0   0   0   0   0
2399 1991   0   0 2647   0   0   0   0   0   0   0   0   0   0   0 5639   0   0   0   0 4913 4595   0   0   0   0   0   0   0   0 2861   0 543 5427   0   0   0   0   0   0   0   0 1231   0   0   0   0
  0 1814   0   0   0   0   0   0   0   0 2446   0 2308   0   0   0   0   0 4270   0   0   0 6231   0   0   0   0   0   0   0   0   0   0   0   0   0 2197   0 3737   0   0 149   0   0 4153   0   0 6635
  0   0   0   0   0   0   0   0 1588   0   0 544   0 2476   0   0   0   0   0   0   0   0   0   0   0   0   0 6208   0   0   0   0   0   0   0 4020   0   0   0   0   0   0   0   0   0   0   0   0
  0 165   0   0   0   0   0   0 915   0   0   0   0   0 2640 913 7172   0   0   0 7037   0   0   0   0   0   0 4595   0 604 684   0   0 689   0   0   0   0   0   0   0   0   0   0   0 179   0   0
  0   0   0   0 725   0   0   0   0   0   0 3772   0   0   0   0 378   0   0   0   0 1920   0   0   0 2352 1407   0   0 5172 1185   0   0 1921   0   0 1118   0   0 2936   0   0 4194   0   0   0   0   0
  0   0   0   0   0   0   0   0   0   0   0 1828   0   0   0   0   0   0   0   0   0   0 215   0   0   0   0   0   0 4287   0 1230 1170   0   0 834   0 987   0   0   0   0   0   0   0 6194   0   0
  0   0   0   0   0   0   0   0   0   0   0   0   0   0   0   0   0   0   0   0   0   0   0   0   0   0 2221 2402 4792   0   0   0   0   0   0 2717   0   0 867 3530   0   0 842   0   0   0   0   0
  0   0   0   0   0   0   0   0 4826   0   0   0   0   0   0   0   0   0   0   0 6591   0   0   0   0   0 820 2222   0   0   0   0   0   0   0   0 811   0 3402   0   0   0   0   0   0   0   0 5551
  0 3855   0   0 4218   0   0   0 4462   0   0   0 2374 1597   0   0   0   0   0 2736   0   0   0 3217   0   0   0   0 1264   0   0   0   0 3064 5186   0   0   0   0   0   0   0   0 1226   0   0   0   0
  0   0 3916   0   0   0 2708   0 619   0   0   0   0   0   0   0   0 1468 2250 1584   0 5418   0   0   0   0   0   0 1405   0   0   0   0   0 2113   0   0 4586   0   0   0   0   0   0   0   0   0   0
  0   0   0   0   0   0 3264 1971 2962   0   0   0   0   0 202   0   0   0   0   0 1672   0   0 3014   0   0 788 1782   0   0   0 4166   0   0   0   0   0   0   0   0   0   0   0   0   0   0 5024   0
  0   0 253   0   0   0   0   0   0   0 528   0 6674 2514   0   0   0 876   0 1297   0   0   0 2927   0   0   0   0   0   0   0 2285 7540   0   0 2365   0 6319 4626   0   0 1153   0 1471   0   0   0   0
  0   0   0   0   0   0 804   0   0   0   0   0   0   0   0   0 2089   0   0   0   0   0   0   0   0 2850   0   0 447 3355   0   0   0   0 2840   0   0 3683   0 1184 2289   0   0   0   0   0   0   0
  0   0   0   0   0 2217   0 3673   0 6555   0   0   0   0   0 2743 1257   0   0   0   0   0   0   0 3279   0   0 1216   0   0 1036   0   0   0   0   0   0   0   0   0   0   0   0   0   0 5136   0 369
9443   0   0   0   0   0   0 889 939   0   0   0   0   0   0   0 1371   0   0   0 1213   0   0   0   0   0   0   0 2628   0   0   0 1906   0 2822 3083   0   0 783   0   0 2763   0   0   0   0   0   0
  0   0 6209   0   0   0   0   0   0   0   0   0   0   0 2480   0   0 2016   0   0 4561 1029 2978   0 955   0   0   0   0 879 3239   0   0   0 1647   0   0 639   0   0 6182   0 4253   0   0 1321   0   0
  0   0 3296   0   0   0 2584   0 2757 1747   0   0   0   0   0   0   0   0   0   0   0   0   0   0   0   0   0 1964   0 2222   0   0   0   0   0 248   0   0   0   0 3748 3468   0 2138 1900 2480 2623   0
  0   0   0   0   0 2280 1689 1236 5372   0   0   0   0   0   0   0   0   0 4972   0 638   0   0   0   0   0   0   0   0   0   0   0   0   0   0 1863   0   0 3481 4848   0   0   0   0 1948   0   0   0
4642   0   0   0   0   0   0   0 1497   0   0   0   0   0   0   0 1761   0   0   0   0   0   0   0 469   0   0   0   0   0   0   0   0   0 5251   0   0 1264   0 2146   0   0   0   0   0   0   0   0
  0   0   0   0   0   0   0   0   0   0 1305   0   0   0 3158   0   0   0   0   0   0   0   0   0   0   0   0 2843   0 599   0   0   0   0   0   0   0   0 4378   0   0   0   0   0   0   0   0   0
949   0   0   0   0 671   0   0   0   0 471   0   0 2153   0   0   0   0   0   0   0   0   0 4417   0   0   0   0   0   0   0 4537   0   0 5853   0   0   0   0 3997   0   0   0   0   0   0   0   0
  0   0   0   0 4232   0   0 1060   0   0   0 1258   0   0   0   0 5080   0   0   0   0   0   0   0 2627   0   0   0   0   0   0   0   0   0   0   0   0   0   0 6207 626   0   0 635   0 1162   0 1976
  0   0   0   0   0   0   0   0   0   0   0   0   0   0   0   0 4290   0   0   0 2844   0   0   0   0   0 449   0 2468   0   0   0   0   0   0   0 2023   0 1122 2850   0   0   0   0 1998   0   0 644
5535   0   0 1466   0   0   0   0   0   0   0 433   0 1061   0   0   0   0   0   0   0 543   0   0   0   0   0   0   0   0   0   0   0 2101   0   0   0   0   0 1745   0   0   0   0   0   0   0   0
2881   0   0 7074   0   0   0 5959 2014   0   0   0   0   0   0 6939   0   0   0 4478   0   0   0   0 1638   0   0   0   0   0 1030   0   0   0   0   0 3279   0   0   0   0 5448   0   0 2419 3473   0   0

Fluxo inicial: 25006L
Fluxo adicional da fonte 0 ao sumidouro 47 encontrado: 19937L
Fluxo maximo total (fluxo inicial + adicional): 25006L + 19937L = 44943L
Tempo de execucao: 0.00037761 segundos
